-979
-933
482
909
538
761
273
-235
-168
949
-857
464
472
-673
-129
43
864
-181
29
528
-460
-481
-220
290
584
595
955
561
781
-247
-628
50
990
-103
867
427
899
692
856
529
860
-617
-549
-374
822
-8
-914
-233
484
172
-574
335
796
491
935
277
618
664
-118
-826
3
-648
-192
-699
881
541
-495
-874
-830
237
-582
356
-677
230
-951
-502
-850
-984
-586
-770
-610
-371
901
365
953
77
-31
95
-990
378
83
391
-804
754
924
-110
-964
462
-429
-548
-536
-66
-404
-340
755
448
-754
-27
538
-640
-150
-4
711
-880
351
-618
981
689
-474
240
-447
838
-202
620
56
-177
-156
-365
141
-635
-812
88
-545
579
866
-929
631
-503
-127
984
802
210
-371
594
773
247
-65
398
419
-168
54
334
148
-108
-584
-872
-659
-708
216
-955
-438
-321
669
-410
-973
520
-901
879
-667
-550
-848
-241
-227
-112
-582
-411
691
-994
559
-450
-716
644
-385
-179
-979
-517
591
553
-600
932
645
-361
184
-470
263
527
-574
-554
-372
978
-387
-415
72
591
-926
-726
993
-839
455
27
876
-507
468
941
193
-839
-560
-495
-144
-100
-802
209
-380
770
-251
228
400
107
913
682
789
-679
555
-503
-753
-917
395
-279
-584
-832
-483
-711
776
-725
633
751
498
-465
921
154
755
65
-160
-537
954
946
693
234
431
-682
907
-25
-13
863
34
700
297
923
262
-533
-271
-276
-117
-638
-616
733
-379
364
-730
-967
942
784
447
-164
597
-435
-296
-345
485
-349
-122
562
643
789
257
-996
-313
726
-292
-872
-680
557
121
271
-304
-876
-446
-635
349
867
-905
-643
-840
-742
839
409
-569
84
617
-314
464
-806
172
-212
320
93
-693
-452
370
-267
-793
-179
107
252
-379
-852
-675
-5
859
-269
-793
-816
702
-984
123
-192
195
391
22
-45
-953
-52
-823
-327
903
-873
750
656
-913
-864
122
-390
629
476
-675
952
272
-332
-45
668
-914
-681
966
-377
-229
-974
477
-622
-741
-685
-709
646
399
797
221
-35
558
30
-493
-167
-158
205
628
-425
-719
685
622
608
-182
685
674
329
238
946
171
-88
249
-896
686
486
-123
-351
-573
-182
51
-145
571
-497
-228
896
-417
859
664
428
183
283
-178
-583
-140
-363
885
-331
59
397
-984
-369
-956
-259
141
367
-759
574
110
-698
414
-499
-207
337
-574
-756
-933
-787
534
640
555
664
-847
426
626
778
896
345
656
282
266
742
-176
-10
-113
-196
-168
529
-624
-138
-143
640
-950
752
754
-136
-452
-844
-903
192
129
44
-21
-594
-59
-160
646
268
-144
831
-938
443
-382
419
253
112
-22
-661
885
-404
277
-298
974
-11
482
821
834
-203
-906
190
-606
-101
507
690
924
-274
-555
-893
794
-457
-90
-586
-540
903
-308
897
-915
-53
975
172
-654
70
796
-568
-107
-350
222
822
638
-950
-43
761
-389
891
819
242
-549
726
27
-342
-198
-323
547
-454
-189
321
908
-216
781
193
813
-749
-441
-362
-333
-273
740
409
679
-103
-92
417
603
-272
-736
350
385
197
760
-521
969
377
595
918
-650
-776
368
833
612
-941
475
-322
107
-304
465
375
216
456
954
540
179
-119
452
-610
-591
-127
-18
722
342
181
737
-516
443
705
-842
946
273
911
-150
120
-328
-202
-527
-754
-947
333
413
436
-428
-970
-591
-679
498
467
-427
-510
504
-126
245
845
-208
732
17
-393
-33
241
-93
-360
416
-52
133
-8
-439
-596
-758
140
827
-262
463
261
387
-734
-969
-955
879
874
11
78
102
790
630
-411
457
599
540
-468
-626
851
-443
332
-703
-527
-577
-554
-55
-666
-93
891
-519
780
196
-736
-961
728
-84
-476
563
13
363
684
-658
-967
-443
-10
-173
527
604
-296
272
-735
-509
-433
637
-162
-56
252
771
-669
-757
695
354
-346
19
-963
355
589
951
-897
-189
-847
21
-170
-372
-143
-468
-119
810
-446
427
-216
5
185
629
-633
621
520
114
-989
856
147
172
-693
962
-565
-26
-957
815
-21
-68
168
-568
-914
604
348
463
-676
-108
-969
-119
-204
198
-413
119
-113
799
-14
685
542
-768
-256
974
777
755
-578
403
107
-962
813
271
846
186
-844
808
-206
-117
-794
-213
792
44
781
-261
-259
639
537
-674
323
604
-830
788
-616
657
947
-555
183
686
-445
-740
-891
940
647
157
-700
-316
-935
416
614
224
-172
822
-115
-783
169
447
41
58
-393
962
-271
-209
-77
-816
408
-513
-826
222
-474
288
-566
-5
378
457
808
204
-525
668
465
859
904
-491
918
-601
-19
703
580
-908
-200
-95
-226
953
-276
124
757
705
763
749
-891
-522
895
5
-122
-145
-117
227
-779
-350
-123
-238
-996
387
-790
573
-223
-195
185
597
867
-69
-631
834
962
278
915
747
461
-474
-195
68
134
697
528
398
-816
268
-324
56
-331
956
241
601
-576
925
933
-867
137
-885
-192
-954
995
-961
-368
-748
-513
-67
-1000
58
-647
452
21
864
-597
255
553
638
17
746
427
721
492
15
880
939
65
596
492
225
470
35
-656
-4
168
-533
-199
384
10
389
-626
76
-952
681
432
17
-585
-482
-797
-502
785
-713
461
279
-219
870
543
275
-125
747
-8
-874
819
235
-46
-575
-529
883
-293
-179
-20
