43	92	31	65	2	2	86										
50	56	81	73	92	48	76										
13	77	99	21	47	56	6										
60	94	47	1	75	99	70										
44	8	18	99	74	89	73										
51	44	94	32	68	78	80										
80	87	70	50	65	41	1										
42	78	71	85	62	8	38										
40	75	74	36	93	80	77										
48	51	84	55	23	20	80										
78	36	85	33	29	50	30										
19	90	56	52	53	84	72										
50	3	90	38	31	60	28										
55	91	43	6	66	68	74										
85	84	84	30	29	37	49										
34	68	57	97	20	41	80										
32	85	2	3	52	19	4										
82	10	98	18	55	34	55										
18	6	92	96	10	14	29										
14	18	1	74	37	35	22										
78	7	14	24	54	48	74										
11	30	36	51	89	89	48										
77	83	7	66	34	70	92										
75	63	53	19	67	15	66										
79	39	52	36	91	88	70										
87	49	52	29	81	58	42										
93	92	58	44	36	53	56										
73	19	67	100	85	89	50										
68	42	17	18	47	25	19										
37	55	71	80	55	47	27										
17	43	91	1	85	38	85										
42	34	64	52	31	16	67										
71	8	93	100	73	37	81										
82	91	21	46	51	12	85										
12	71	42	98	93	68	90										
35	13	69	45	67	63	94										
61	15	38	88	27	45	94										
99	2	49	51	92	43	59										
58	14	25	43	84	67	66										
34	78	26	63	91	36	81										
66	43	25	71	96	58	46										
56	54	2	3	85	17	88										
88	100	29	8	59	42	21										
4	99	14	6	80	29	59										
38	90	32	70	97	34	6										
29	7	59	40	33	63	92										
2	61	55	50	19	94	38										
79	70	91	20	42	40	41										
6	91	74	18	73	93	72										
7	61	41	100	52	8	49										
93	7	11	84	48	41	90										
77	36	21	31	6	36	74										
79	5	58	2	67	49	13										
56	91	100	15	15	88	15										
23	94	3	48	99	65	79										
68	3	55	60	85	52	69										
15	41	6	75	78	2	88										
98	76	10	82	96	91	75										
4	39	94	5	62	32	86										
27	53	64	72	93	96	35										
43	100	50	83	13	46	42										
28	69	82	65	37	57	72										
21	90	42	31	46	6	70										
43	30	77	19	88	42	92										
34	58	51	21	49	9	100										
30	55	88	88	75	73	83										
41	10	72	44	88	56	86										
54	16	60	40	36	4	41										
31	18	37	52	35	25	87										
2	52	54	52	30	100	72										
93	51	59	63	32	4	4										
29	3	55	34	24	66	7										
62	53	45	87	79	8	69										
29	74	9	88	100	18	88										
72	81	12	94	66	24	22										
10	17	78	96	25	49	83										
30	25	30	73	25	34	25										
49	29	96	62	79	82	79										
16	35	49	66	51	91	33										
10	44	55	81	66	20	90										
49	86	67	51	15	26	68										
12	15	15	12	76	40	19										
12	29	6	27	37	21	90										
93	45	61	25	82	11	48										
79	34	97	9	52	25	51										
35	72	1	55	6	56	34										
20	66	46	26	16	71	44										
3	51	60	62	74	32	33										
80	44	39	42	52	98	7										
83	68	27	3	13	50	68										
25	74	96	79	78	71	10										
7	34	39	35	56	72	1										
69	49	74	21	39	32	2										
26	35	5	73	34	94	100										
63	48	95	43	92	72	95										
47	24	93	91	20	82	43										
78	92	65	67	87	5	58										
18	19	51	15	35	33	7										
7	8	45	98	90	91	14										
58	81	51	91	60	9	44										
8	32	32	45	43	75	74										
79	9	74	45	49	65	58										
57	92	94	59	18	43	5										
42	72	14	55	58	66	3										
85	4	87	87	88	97	56										
59	85	91	61	78	10	52										
2	44	66	52	91	80	95										
3	8	72	85	86	76	33										
29	62	61	94	11	12	64										
1	63	56	40	100	81	24										
60	75	40	79	72	12	55										
21	48	73	18	80	25	60										
70	95	6	21	74	32	83										
3	81	51	29	44	86	69										
84	94	36	38	17	96	80										
9	63	95	68	75	38	72										
71	75	40	4	71	29	64										
32	66	40	96	37	78	3										
66	53	31	13	31	78	91										
32	20	2	83	54	51	91										
33	32	87	5	56	51	87										
60	6	98	95	81	85	75										
56	55	25	85	9	43	56										
35	38	26	20	44	72	92										
1	35	94	4	28	35	29										
47	26	100	63	48	71	8										
33	21	87	27	95	23	28										
42	14	20	47	61	31	30										
64	56	10	19	19	41	31										
6	8	89	22	97	3	10										
17	5	11	36	90	60	69										
8	87	19	32	46	29	56										
79	24	3	58	94	23	53										
16	70	59	92	30	36	51										
5	40	45	93	45	96	90										
81	75	34	50	99	40	25										
51	98	21	58	94	90	99										
46	77	92	43	29	84	83										
78	36	60	93	51	77	7										
35	81	98	27	42	46	32										
96	42	94	21	73	7	9										
25	97	42	91	54	31	70										
2	5	75	78	46	8	96										
24	62	5	40	60	33	74										
8	32	73	20	21	18	65										
75	12	91	26	71	79	8										
9	73	99	58	5	64	18										
89	2	40	73	67	37	57										
24	7	49	10	31	70	100										
20	6	94	35	94	80	18										
99	51	65	34	46	23	9										
21	24	81	82	97	46	27										
50	95	74	62	24	70	43										
6	50	44	59	7	55	59										
87	37	39	9	89	12	87										
1	90	44	69	95	4	25										
52	40	88	100	22	2	70										
40	46	69	30	72	84	5										
40	33	7	21	6	61	96										
61	5	74	33	42	32	54										
62	84	25	9	26	91	26										
44	68	55	8	27	79	58										
61	24	23	51	84	69	5										
80	77	86	74	47	68	8										
21	81	69	60	38	39	35										
78	71	79	25	85	43	51										
31	62	79	9	3	84	73										
84	61	80	13	43	91	37										
66	27	93	45	80	42	63										
76	84	74	1	66	37	27										
81	38	83	4	44	57	71										
55	100	52	96	47	1	67										
37	79	84	48	48	63	47										
60	12	40	1	97	64	38										
15	35	14	70	28	46	25										
35	60	10	58	18	35	42										
54	44	50	47	57	64	94										
48	97	80	71	81	22	51										
78	55	34	81	62	94	98										
23	23	78	69	64	73	49										
72	35	33	65	44	71	40										
22	26	29	75	35	49	78										
47	62	35	80	2	100	22										
77	46	3	86	69	99	60										
38	68	88	8	25	36	47										
35	87	16	22	45	11	7										
13	21	89	31	88	55	59										
44	3	28	2	29	74	70										
95	28	61	6	74	35	78										
59	44	39	37	72	37	25										
87	92	98	95	58	89	58										
26	21	31	76	36	19	66										
46	61	78	65	17	63	93										
4	28	98	78	85	47	47										
44	73	96	33	23	44	57										
97	51	32	51	56	35	100										
90	35	71	18	35	2	27										
28	91	1	62	48	49	38										
21	47	59	24	52	44	75										
33	85	15	36	49	31	34										
11	41	32	17	41	95	80										
36	100	100	77	99	3	10										
90	34	84	94	25	34	78										
51	98	27	38	95	20	8										
60	28	94	39	46	75	65										
35	36	79	53	46	17	95										
46	86	29	88	87	81	18										
48	28	49	99	72	72	88										
40	53	30	88	73	61	58										
48	80	69	12	47	93	57										
52	34	47	54	5	34	87										
69	8	35	91	13	85	6										
19	96	28	62	42	66	74										
66	75	30	24	23	44	70										
33	24	6	25	17	48	21										
33	65	68	43	85	41	7										
82	36	85	53	40	84	100										
42	84	39	45	75	81	55										
20	91	81	65	87	19	6										
86	21	78	100	10	74	77										
8	91	67	91	3	44	22										
24	89	56	35	8	15	81										
53	98	1	87	53	49	99										
51	59	44	13	12	63	22										
92	91	12	16	83	59	87										
99	16	27	29	82	92	58										
90	94	69	46	82	41	59										
43	48	5	31	53	65	88										
79	94	14	25	21	3	5										
3	57	6	29	43	54	1										
82	46	17	96	93	7	100										
72	86	53	88	45	61	88										
24	22	97	10	2	15	86										
26	29	69	51	59	16	53										
14	61	94	94	59	8	25										
59	31	56	23	59	84	52										
51	18	64	42	37	20	11										
69	68	5	91	7	57	67										
11	2	12	60	19	76	49										
48	99	35	53	43	94	13										
48	27	39	54	58	63	31										
63	50	25	41	86	10	86										
9	37	28	86	10	17	97										
100	33	37	93	13	59	72										
4	96	89	59	83	68	25										
25	89	86	87	9	21	6										
23	99	24	27	83	22	23										
42	52	76	80	45	23	40										
88	63	44	85	25	79	87										
62	20	72	73	98	30	12										
27	38	26	44	5	70	18										
36	48	19	9	80	78	91										
38	82	38	31	11	56	62										
40	20	9	37	4	68	47										
25	66	4	25	56	44	69										
41	74	73	28	30	89	16										
100	75	86	36	81	60	27										
85	16	16	91	83	59	75										
89	47	42	57	63	59	17										
9	78	87	69	39	87	29										
46	64	79	57	5	59	10										
54	56	62	23	50	8	57										
96	47	43	22	74	29	93										
82	68	12	39	2	99	4										
59	58	6	74	74	78	82										
93	12	86	38	91	65	42										
88	35	97	44	8	49	44										
64	98	66	82	30	69	25										
98	22	53	67	71	44	55										
71	47	67	72	61	81	97										
50	46	44	27	51	17	18										
12	25	27	13	5	60	40										
100	70	52	38	68	81	22										
85	74	87	94	97	71	87										
3	45	95	62	57	64	78										
70	42	1	91	76	50	86										
89	46	41	67	31	38	38										
51	34	70	12	22	39	90										
30	30	20	52	31	14	74										
78	36	55	99	95	4	88										
38	50	55	100	70	30	74										
4	19	72	43	8	19	100										
54	11	6	93	61	42	67										
40	56	62	71	12	4	71										
72	76	50	79	35	61	96										
92	43	99	73	3	95	41										
79	53	77	69	56	29	100										
26	97	74	1	96	35	51										
81	78	55	4	64	1	41										
3	5	25	75	90	56	15										
40	82	65	62	26	26	32										
41	97	1	22	73	34	18										
61	71	22	87	75	95	35										
63	75	76	79	41	80	80										
63	100	18	14	91	97	20										
17	73	12	95	99	66	3										
20	73	94	86	84	19	22										
74	87	55	90	23	16	51										
61	37	34	28	19	38	9										
91	15	15	53	42	16	55										
44	33	36	73	71	6	56										
8	63	17	11	15	53	61										
24	43	33	2	11	94	55										
88	43	87	80	47	59	50										
2	99	10	70	76	83	85										
14	70	75	13	18	16	47										
65	97	35	25	14	69	33										
61	94	16	41	67	97	53										
27	63	70	59	32	83	36										
39	16	86	36	60	77	89										
97	19	87	98	47	9	22										
1	37	47	39	67	79	78										
52	100	23	1	26	90	51										
40	35	99	67	18	73	31										
28	89	11	33	45	7	17										
74	4	50	87	5	97	48										
13	87	11	68	90	69	44										
88	49	2	89	23	43	23										
90	24	66	2	20	57	96										
60	77	9	87	85	66	76										
65	44	75	5	71	79	55										
8	90	3	6	49	18	59										
12	68	98	57	67	54	56										
8	74	35	35	88	50	45										
26	21	100	60	54	84	74										
66	58	93	46	46	23	17										
56	51	22	41	95	49	20										
34	2	92	77	9	2	87										
13	55	36	91	19	18	40										
80	46	2	77	89	45	6										
71	91	94	50	17	91	23										
75	26	90	87	4	90	67										
15	74	57	11	15	11	60										
20	58	6	35	55	63	26										
25	43	95	69	37	68	58										
83	65	52	4	35	21	91										
38	74	69	94	86	54	23										
1	54	46	1	12	4	88										
38	25	75	66	90	58	1										
50	65	96	100	48	63	27										
83	63	74	72	90	61	93										
70	98	3	58	20	34	57										
76	94	31	38	90	51	24										
7	83	45	75	79	56	87										
26	11	68	5	96	93	100										
97	98	82	28	96	17	13										
78	13	84	36	21	82	86										
47	35	15	65	3	50	43										
38	79	20	17	87	70	18										
65	63	39	34	86	59	53										
96	60	21	94	59	99	19										
34	20	70	43	94	54	40										
32	3	24	52	100	69	72										
10	42	15	18	99	76	74										
13	53	43	47	83	82	64										
80	98	96	40	8	26	85										
46	29	9	20	43	93	3										
79	78	51	8	76	89	85										
81	65	65	85	11	44	62										
63	47	3	92	58	37	52										
24	26	100	8	46	59	14										
13	15	60	37	26	16	27										
65	86	41	14	54	15	65										
22	67	38	15	57	89	25										
78	69	75	93	51	66	66										
44	55	64	25	59	35	75										
52	64	59	77	57	3	3										
96	90	40	3	37	43	10										
57	4	99	99	81	44	16										
62	31	95	66	36	89	99										
50	16	74	47	12	86	31										
90	52	6	17	94	15	63										
71	73	86	81	16	21	4										
15	95	96	22	81	20	63										
47	99	25	79	14	26	39										
40	75	20	31	76	92	57										
41	60	70	44	99	90	41										
98	72	3	37	51	87	77										
64	64	91	30	96	58	39										
75	94	81	18	63	97	25										
61	14	22	17	21	89	47										
37	54	26	51	28	72	41										
54	72	56	79	97	80	29										
21	69	65	42	60	16	53										
47	43	5	91	26	14	92										
92	45	17	44	20	27	66										
32	83	61	74	36	60	57										
98	60	57	57	100	71	13										
11	26	68	98	62	23	69										
32	46	36	46	87	21	89										
13	24	48	71	58	27	82										
47	24	25	50	21	84	1										
14	86	78	28	99	14	22										
60	52	88	23	88	88	60										
44	62	45	43	37	79	14										
33	88	14	63	16	8	60										
93	46	76	79	27	59	39										
56	18	75	85	19	40	44										
22	60	13	26	75	49	44										
31	45	53	32	24	17	80										
59	2	3	83	66	61	25										
66	64	55	87	87	45	90										
53	77	71	60	68	42	31										
13	14	75	45	89	85	64										
78	20	89	10	17	46	13										
34	89	85	76	22	9	14										
39	57	13	78	75	47	27										
60	97	4	35	4	97	66										
33	7	63	46	48	47	27										
20	29	16	87	47	87	91										
74	8	69	97	17	93	40										
97	7	7	40	42	55	32										
85	61	19	93	73	40	79										
1	81	49	55	14	71	59										
79	26	84	18	92	85	36										
86	54	93	57	39	25	59										
79	6	85	30	17	63	41										
83	16	88	48	68	52	90										
63	100	57	34	98	69	71										
9	93	65	16	25	59	21										
68	39	44	5	45	32	17										
46	30	86	31	21	6	15										
13	62	28	60	72	83	92										
82	2	76	99	55	49	12										
53	9	86	46	72	70	96										
83	97	87	20	52	54	37										
20	22	69	90	74	56	99										
93	56	38	96	55	69	69										
38	65	40	55	38	54	15										
98	25	68	36	75	61	73										
46	68	75	36	11	65	60										
52	63	81	44	94	85	16										
66	22	50	33	37	74	40										
93	9	40	13	95	65	39										
49	22	53	84	69	78	13										
72	71	85	74	72	96	72										
96	37	76	62	19	86	66										
25	90	50	6	30	26	47										
54	22	29	39	87	89	77										
67	15	2	63	57	11	13										
31	6	69	57	68	87	34										
58	3	31	19	53	34	43										
18	23	48	46	3	72	60										
85	75	68	29	61	15	40										
8	91	12	58	48	44	38										
82	2	9	97	64	53	71										
87	68	34	7	41	43	36										
16	32	53	64	84	100	33										
19	41	42	28	60	67	76										
88	50	33	66	19	8	74										
15	36	50	55	62	19	12										
69	50	59	86	95	52	31										
13	39	93	35	93	52	54										
9	95	40	41	27	11	16										
2	31	41	21	64	16	50										
74	75	99	7	15	86	59										
48	91	61	64	34	98	90										
14	59	12	78	85	75	89										
3	55	23	94	92	81	95										
68	63	47	57	77	86	48										
48	78	14	98	7	86	87										
27	65	89	65	77	78	75										
100	80	61	98	13	11	74										
78	12	20	30	52	93	94										
81	61	5	81	86	81	12										
9	14	33	4	77	71	27										
68	21	59	37	85	62	23										
71	35	42	3	63	8	29										
57	2	18	100	41	53	17										
28	85	58	83	79	21	81										
86	50	30	59	74	10	92										
9	40	67	18	34	92	61										
13	39	65	50	46	10	92										
9	26	4	8	100	62	35										
21	91	22	51	85	74	48										
5	37	37	85	20	19	72										
21	90	38	60	52	2	100										
36	84	84	2	1	29	76										
58	100	48	88	91	66	76										
47	56	38	18	36	84	8										
65	59	33	70	2	86	4										
56	81	94	48	35	79	43										
55	94	76	72	7	79	98										
44	17	11	35	78	23	48										
42	55	16	60	49	76	40										
86	78	48	67	58	87	15										
82	6	32	76	15	30	7										
34	39	80	9	88	19	7										
95	86	59	82	24	35	44										
33	30	16	13	47	28	66										
95	21	96	57	58	28	73										
46	91	46	71	77	31	88										
77	91	51	79	42	70	25										
57	50	46	62	32	98	19										
40	60	37	1	54	38	64										
1	90	34	18	61	64	13										
5	80	69	76	30	35	25										
25	7	19	53	13	81	67										
69	51	17	47	75	49	47										
7	45	79	77	75	36	4										
79	27	92	48	5	59	62										
86	56	92	43	91	18	59										
38	3	27	71	45	42	60										
10	10	97	52	95	82	19										
57	18	15	64	10	77	17										
93	41	8	48	49	59	82										
86	23	20	5	18	98	76										
20	48	27	63	47	50	21										
75	77	63	69	63	74	51										
86	42	35	26	14	71	67										
51	88	61	72	15	47	11										
76	93	92	37	77	92	20										
30	22	11	81	51	68	90										
9	58	81	56	1	9	45										
16	34	46	19	39	64	22										
20	20	80	11	16	91	40										
90	80	53	54	83	99	57										
63	8	79	74	21	2	40										
77	46	87	7	37	18	68										
44	99	51	35	45	52	80										
78	39	24	18	84	81	55										
38	71	62	70	45	79	90										
69	50	89	97	95	93	68										
4	11	72	55	72	70	14										
68	7	29	67	51	66	5										
14	2	44	74	93	77	69										
77	23	85	78	26	78	33										
36	88	95	18	84	45	82										
46	49	10	95	69	15	82										
44	88	56	8	14	43	34										
92	59	57	61	43	57	46										
38	39	98	78	47	23	65										
63	82	22	46	27	5	68										
43	97	27	75	95	29	3										
22	67	61	5	72	83	73										
88	21	89	84	93	78	84										
89	64	42	24	21	69	10										
35	7	85	15	10	76	61										
41	71	36	59	67	89	87										
78	56	77	16	83	19	28										
45	46	60	12	80	8	13										
42	84	63	91	91	18	81										
17	69	11	53	82	91	91										
49	88	72	30	62	3	89										
81	35	49	16	87	21	68										
83	97	2	52	60	84	66										
40	41	98	22	93	76	69										
6	79	33	77	52	51	11										
77	43	6	85	76	66	19										
32	32	6	7	93	78	58										
28	24	93	3	72	76	68										
13	15	26	77	84	76	57										
44	57	60	33	59	19	40										
6	4	39	61	96	75	70										
48	49	33	98	16	91	69										
33	15	71	83	52	93	73										
98	64	47	63	48	44	19										
38	48	25	71	62	17	38										
87	74	88	46	18	58	13										
28	39	97	6	17	32	22										
64	31	82	80	35	89	38										
81	33	19	95	3	33	62										
68	33	72	27	56	69	39										
15	74	56	1	28	66	30										
54	57	86	12	67	43	94										
45	20	59	95	69	97	45										
23	46	3	73	11	61	63										
59	68	15	45	11	30	68										
18	92	11	72	52	89	70										
88	41	85	27	54	67	100										
54	83	27	48	12	75	96										
1	21	81	33	37	52	63										
7	8	75	100	87	74	89										
65	41	84	83	52	44	90										
19	37	73	20	13	60	26										
2	90	61	58	38	86	47										
99	84	46	7	32	89	14										
11	59	17	66	56	18	43										
32	6	84	87	65	77	25										
63	57	36	7	98	2	18										
65	4	73	56	36	87	55										
88	75	7	63	100	69	28										
55	94	11	68	88	46	70										
5	59	30	28	12	49	58										
65	15	8	70	98	77	100										
43	87	8	12	41	25	41										
47	16	85	52	58	67	63										
15	36	61	95	73	76	18										
28	45	36	66	39	24	82										
61	45	94	11	15	32	73										
13	22	14	77	55	2	62										
60	35	47	21	63	3	89										
33	16	47	85	20	64	83										
2	96	64	32	3	54	76										
50	56	48	43	17	88	13										
83	79	84	11	33	69	77										
17	4	93	89	11	99	31										
18	3	27	9	51	55	9										
11	88	68	39	29	46	13										
23	38	17	31	24	39	85										
27	89	93	56	66	84	61										
64	85	26	60	63	30	51										
96	57	83	30	66	78	90										
83	94	6	17	71	6	100										
34	47	63	50	35	64	59										
69	82	99	64	77	54	49										
45	78	88	61	11	59	36										
35	58	1	67	13	31	88										
14	6	24	27	27	22	89										
37	13	6	83	31	38	26										
46	7	33	7	73	61	59										
8	68	34	22	84	22	94										
73	71	40	65	45	93	22										
95	53	77	70	37	40	28										
87	60	40	3	10	10	14										
29	90	2	11	64	12	99										
76	84	4	75	32	14	31										
12	89	2	90	45	86	59										
35	63	56	50	95	97	74										
34	5	88	38	44	73	27										
90	40	52	92	36	93	38										
53	18	56	45	99	7	38										
79	69	49	86	78	81	15										
67	54	98	45	74	5	28										
30	93	27	19	58	87	65										
64	58	78	1	11	85	75										
66	46	87	100	16	93	79										
82	44	75	44	85	30	7										
64	49	74	82	94	100	52										
47	31	42	61	73	38	77										
68	96	54	50	85	47	19										
68	80	87	21	51	34	27										
30	93	76	11	93	4	43										
68	38	3	45	32	61	3										
66	22	97	22	23	39	5										
82	43	69	20	61	13	6										
45	52	71	50	38	99	87										
91	74	83	56	98	10	63										
49	57	89	45	8	87	25										
66	47	88	32	5	39	61										
88	39	83	83	88	57	5										
68	35	80	15	99	81	58										
20	19	90	55	2	96	76										
1	9	73	73	78	66	21										
22	79	57	44	64	62	36										
21	55	16	22	81	16	68										
71	49	42	14	4	41	39										
4	25	2	96	24	92	67										
29	100	29	70	95	60	8										
35	30	60	13	54	40	28										
95	8	81	62	58	92	31										
24	30	94	80	15	9	74										
97	84	92	66	14	41	78										
70	30	94	72	56	93	79										
86	100	59	14	89	36	48										
99	5	48	80	70	39	23										
56	97	83	70	55	12	80										
100	40	11	40	6	68	39										
23	76	89	68	97	87	30										
2	26	84	12	55	22	53										
91	42	85	3	65	55	85										
70	33	99	95	71	78	2										
2	94	5	70	100	66	53										
92	86	34	99	90	3	64										
56	64	59	83	21	5	90										
22	92	66	56	52	18	51										
70	60	65	78	46	98	90										
42	48	31	13	3	2	78										
35	30	65	91	75	48	84										
62	71	5	87	24	5	51										
22	13	80	81	62	22	85										
91	60	21	77	46	37	65										
65	17	55	78	72	35	23										
97	17	12	96	69	37	69										
2	44	9	55	79	68	71										
3	84	12	32	2	65	93										
36	88	25	16	56	16	87										
13	16	89	20	85	38	25										
74	65	1	39	9	23	26										
73	65	81	80	64	68	63										
75	54	95	83	98	62	93										
5	23	99	64	7	97	63										
37	36	23	49	62	19	86										
31	19	8	32	10	9	60										
32	89	49	57	47	5	30										
8	23	17	56	39	60	97										
77	12	65	72	87	46	32										
26	86	1	99	100	8	99										
11	28	14	6	96	62	96										
62	49	13	11	41	84	96										
14	7	28	15	90	90	85										
63	13	17	34	24	69	9										
70	1	38	30	66	82	76										
3	65	20	30	41	63	72										
17	18	88	32	13	18	8										
6	30	76	5	20	76	93										
67	98	24	78	27	51	89										
49	34	88	79	48	55	7										
99	79	26	33	86	42	12										
60	51	8	51	48	63	21										
49	30	81	75	73	31	8										
41	8	27	49	79	54	37										
73	85	47	29	15	2	77										
19	45	63	91	54	52	75										
2	1	65	63	80	40	53										
89	30	13	78	14	10	20										
90	22	73	60	75	90	30										
79	6	20	25	67	79	80										
52	5	64	42	9	29	42										
35	19	3	70	95	40	17										
97	77	97	47	38	42	98										
6	17	1	54	20	20	75										
73	68	15	94	77	40	82										
38	43	3	24	46	1	1										
5	28	75	96	60	83	95										
6	28	72	58	48	73	45										
55	23	67	41	58	44	5										
19	71	95	29	84	5	13										
17	94	89	5	2	33	3										
41	73	74	52	5	34	29										
90	53	35	58	1	24	29										
67	88	49	43	36	80	96										
33	81	66	7	19	67	8										
35	35	83	34	98	33	91										
57	86	93	54	62	47	23										
15	38	100	1	59	41	47										
91	78	17	2	93	80	27										
93	63	35	15	29	78	1										
81	41	66	83	82	47	22										
41	40	92	29	17	22	31										
1	81	61	12	99	4	59										
9	9	37	53	97	87	90										
76	77	80	83	34	43	78										
50	91	46	27	91	76	53										
61	44	25	53	39	3	40										
65	74	90	37	93	9	97										
71	16	33	73	53	31	61										
59	34	79	21	14	30	30										
55	64	39	99	5	39	23										
87	56	50	17	43	90	65										
9	15	10	44	99	44	25										
46	62	49	2	76	74	9										
49	16	62	33	95	8	65										
17	63	14	91	78	23	25										
22	53	12	2	41	2	84										
62	42	43	54	57	69	53										
56	29	75	68	51	28	52										
81	89	54	97	15	43	58										
37	22	29	16	59	97	37										
67	17	18	50	53	9	15										
78	39	100	16	18	1	50										
37	52	44	83	2	46	8										
61	37	75	51	100	76	90										
49	16	7	28	49	34	69										
36	87	80	12	52	96	19										
22	42	10	19	66	95	18										
74	74	68	71	36	42	30										
69	82	89	95	63	76	59										
4	95	81	44	30	47	28										
9	2	56	2	100	92	67										
25	75	24	70	41	47	15										
45	77	4	7	59	24	3										
70	3	34	91	39	67	24										
91	17	46	36	30	39	26										
71	42	49	97	31	94	27										
85	80	38	19	29	94	30										
72	80	80	19	91	2	23										
82	86	73	41	77	57	31										
95	28	25	45	48	24	7										
69	15	94	54	52	29	18										
53	52	66	75	64	3	44										
50	60	15	33	1	69	81										
47	40	37	94	96	72	70										
60	18	50	15	84	67	60										
20	2	79	29	19	13	48										
43	70	68	63	3	9	96										
56	68	40	9	64	25	8										
53	18	22	63	83	60	40										
93	49	9	95	42	15	16										
1	70	84	44	88	72	28										
62	7	93	8	10	92	73										
68	21	79	39	14	46	1										
48	89	78	100	83	88	33										
69	41	82	96	86	94	55										
19	3	38	71	11	70	4										
57	15	57	98	68	48	21										
26	11	15	12	10	41	17										
10	45	97	20	50	100	16										
12	35	61	15	75	48	77										
92	5	44	87	64	35	35										
16	1	87	36	75	96	24										
84	57	100	20	30	19	78										
60	74	12	28	15	27	27										
56	56	51	35	15	31	15										
66	34	60	58	83	25	66										
83	88	80	39	100	75	35										
53	25	66	5	84	51	33										
25	70	57	26	4	8	67										
62	73	93	14	38	95	62										
59	86	49	27	82	9	93										
49	30	49	49	85	54	12										
26	87	55	16	10	40	26										
96	61	47	82	83	84	22										
82	99	57	17	48	94	37										
88	100	83	74	21	32	27										
33	38	2	49	19	37	8										
51	56	92	4	86	95	31										
25	22	40	46	18	97	80										
41	95	23	75	25	16	29										
36	1	49	91	68	3	81										
62	96	12	58	70	51	23										
16	45	92	43	96	27	9										
28	43	39	40	83	97	42										
59	32	63	45	46	41	62										
93	78	7	53	4	39	9										
33	9	99	10	39	73	49										
30	87	87	84	85	93	1										
63	71	12	8	45	86	44										
61	26	7	24	39	36	59										
6	70	97	71	53	6	59										
21	39	4	56	53	20	60										
60	69	15	87	57	18	44										
3	86	43	78	99	50	57										
92	83	33	75	65	48	4										
37	68	26	99	90	57	31										
100	27	33	90	44	4	58										
30	56	31	24	95	72	25										
17	84	48	73	90	71	95										
9	28	9	6	8	38	88										
93	69	34	10	52	72	63										
75	50	11	19	99	6	77										
67	74	48	37	70	36	79										
34	41	21	14	77	100	71										
19	93	92	30	52	97	17										
7	52	22	10	23	28	32										
28	82	38	81	72	46	68										
54	16	3	74	35	8	5										
22	98	13	70	1	43	94										
72	19	95	49	29	2	18										
87	64	14	88	58	32	41										
57	54	87	58	46	4	44										
94	19	64	93	12	90	74										
11	77	85	95	19	21	95										
85	27	9	29	38	60	4										
69	74	88	68	26	35	67										
96	57	22	6	46	77	10										
100	62	50	33	68	59	49										
83	9	52	77	37	13	39										
80	54	12	74	57	75	84										
58	61	77	72	34	21	93										
42	25	23	19	29	25	12										
21	51	90	64	59	83	54										
51	56	98	50	91	4	80										
21	19	20	37	52	90	88										
13	88	15	96	40	71	31										
89	78	63	63	53	96	64										
81	58	16	57	21	43	53										
4	69	53	2	55	23	50										
9	89	65	49	29	39	88										
4	30	58	70	86	39	67										
12	4	80	46	40	28	35										
35	82	14	23	10	85	18										
32	76	65	79	2	35	32										
12	76	31	70	94	13	61										
56	90	14	19	40	43	3										
32	60	58	55	75	27	47										
30	90	90	73	20	72	96										
77	30	28	18	52	57	23										
66	71	38	26	63	61	56										
40	93	36	24	5	24	73										
87	73	40	55	72	34	86										
52	33	17	19	95	6	78										
92	78	8	60	20	14	62										
33	41	82	4	13	34	54										
21	45	10	54	81	16	78										
89	21	61	43	12	55	90										
93	96	86	57	98	11	10										
77	17	46	2	13	98	27										
54	98	13	17	48	44	9										
5	59	23	87	82	35	71										
80	89	4	98	5	82	25										
33	89	10	89	99	39	39										
77	9	63	96	35	22	11										
77	99	15	34	30	8	92										
9	78	18	38	8	77	69										
36	98	82	64	23	62	60										
47	14	15	85	7	20	51										
40	53	78	52	67	24	38										
28	64	90	46	96	58	94										
81	9	95	85	77	36	79										
98	53	11	90	85	91	29										
53	37	73	48	3	90	21										
66	36	20	7	11	52	22										
1	38	75	36	30	7	9										
64	76	32	97	12	1	51										
40	16	89	24	34	86	55										
65	74	61	63	79	68	56										
44	78	23	88	8	25	37										
72	37	32	36	53	93	27										
4	52	56	35	82	56	34										
47	6	62	64	93	11	68										
29	7	91	37	15	83	16										
9	10	91	68	44	17	52										
66	89	42	63	90	57	9										
92	56	37	84	72	55	9										
21	67	47	2	69	49	49										
6	75	79	21	3	19	88										
19	9	7	49	85	58	39										
93	33	50	71	38	32	12										
35	28	94	68	96	45	100										
40	33	52	28	92	58	17										
28	5	81	15	79	25	56										
3	55	48	44	34	60	17										
3	14	84	20	48	97	47										
3	25	45	62	78	9	29										
61	79	100	2	88	36	26										
74	45	26	53	24	61	68										
67	67	24	60	57	100	84										
52	28	24	53	30	66	55										
92	17	84	51	79	12	100										
68	21	90	32	92	17	92										
54	83	24	20	22	90	100										
58	27	54	19	4	68	84										
26	85	73	86	7	62	85										
81	53	93	22	71	31	24										
26	26	38	73	35	34	61										
30	31	67	29	70	77	23										
93	100	71	60	36	14	78										
2	78	22	71	29	69	81										
19	71	69	74	34	62	89										
24	17	71	38	61	46	63										
74	45	8	53	42	90	98										
89	68	49	36	79	32	90										
9	70	95	38	21	34	33										
47	13	94	92	17	14	3										
59	49	50	56	81	90	82										
66	78	34	68	7	94	48										
83	49	21	48	17	29	9										
65	34	27	25	17	31	31										
94	77	78	36	99	14	65										
34	36	79	64	33	22	40										
34	23	71	97	32	40	30										
48	56	42	53	47	24	58										
31	37	54	76	10	10	69										
36	82	25	84	64	48	97										
9	75	98	85	50	98	30										
65	41	33	80	42	5	53										
77	48	92	91	96	68	58										
98	26	7	16	36	76	51										
75	47	67	51	9	62	72										
52	53	57	75	19	35	32										
32	94	19	95	77	80	98										
68	72	24	60	84	69	46										
88	15	97	52	50	81	93										
71	26	13	87	68	24	64										
37	74	74	36	77	91	45										
42	72	94	4	43	41	83										
18	20	96	16	14	96	58										
44	39	88	75	21	87	15										
12	96	61	15	78	52	37										
38	51	97	36	44	82	88										
35	55	78	85	54	28	97										
40	73	58	38	98	58	23										
98	74	36	2	21	42	67										
8	16	72	90	56	19	44										
13	34	96	25	16	7	83										
66	52	64	47	31	85	87										
31	71	85	65	87	74	86										
9	36	58	68	57	28	14										
66	78	67	84	79	89	50										
94	70	86	84	12	68	47										
90	61	16	34	93	56	64										
61	98	63	63	96	16	31										
93	1	38	45	50	4	36										
10	65	41	1	61	74	6										
22	78	31	65	12	1	50										
50	67	80	89	43	9	72										
83	21	82	67	26	34	36										
42	24	82	36	27	34	12										
22	72	32	19	89	86	53										
10	9	99	33	6	46	15										
84	41	68	81	91	60	50										
31	18	66	32	78	3	91										
77	90	58	10	60	92	4										
13	15	80	7	88	67	35										
82	88	72	100	78	72	71										
100	98	96	87	36	11	56										
27	37	44	96	31	72	96										
37	90	42	97	54	79	2										
88	63	58	99	3	89	29										
19	85	15	76	19	17	85										
22	23	67	70	77	59	17										
88	87	17	23	42	14	92										
65	31	38	15	73	65	8										
43	88	13	26	47	55	68										
6	23	7	59	39	96	19										
19	12	14	33	75	68	41										
85	98	17	5	17	30	82										
8	63	78	60	22	63	94										
100	99	70	24	70	26	60										
3	61	15	6	95	30	58										
34	47	83	17	85	82	33										
57	42	46	72	82	38	86										
78	89	79	9	64	89	22										
82	79	97	96	52	16	69										
71	17	80	79	95	38	58										
4	5	87	100	9	78	60										
37	8	92	78	7	31	43										
40	100	17	76	5	16	33										
100	62	95	28	31	67	49										
98	50	98	6	60	53	37										
67	41	2	4	27	37	96										
50	74	18	42	40	28	58										
31	86	33	97	89	70	67										
5	90	25	58	8	87	31										
87	86	24	79	80	57	77										
32	15	94	3	16	90	55										
64	52	18	62	49	8	67										
75	1	75	42	31	49	90										
88	63	10	5	34	95	49										
26	29	40	15	75	69	100										
14	80	21	65	59	47	88										
85	16	80	2	48	29	90										
67	12	37	96	29	95	12										
51	34	65	88	30	57	10										
70	62	32	66	82	79	89										
52	12	81	72	22	15	39										
10	89	61	44	79	17	3										
63	61	36	47	6	68	42										
34	32	47	41	77	56	60										
39	72	56	23	67	15	98										
24	57	39	64	85	34	61										
16	71	78	54	35	81	78										
68	7	32	6	6	5	60										
90	47	31	24	10	56	74										
39	7	39	78	53	86	29										
46	65	7	78	75	45	18										
48	26	58	96	97	42	95										
1	58	88	79	55	29	27										
17	49	5	66	3	8	17										
99	85	76	8	14	50	2										
68	52	77	88	39	66	70										
13	57	42	76	60	47	96										
68	35	56	1	38	80	66										
78	59	5	89	25	81	39										
43	76	31	61	60	69	90										
60	49	7	37	97	50	41										
56	66	29	2	27	40	87										
87	22	19	32	30	88	99										
67	9	41	38	79	67	49										
97	20	11	12	82	100	72										
70	99	97	24	98	33	69										
26	48	5	52	75	50	90										
99	67	82	24	64	88	99										
52	63	38	69	7	35	92										
28	30	39	11	69	37	78										
73	61	26	63	19	51	92										
99	81	79	40	21	27	21										
36	38	76	94	47	98	48										
75	60	30	26	11	35	52										
84	68	25	25	7	46	60										
7	53	71	24	52	1	12										
51	56	31	83	11	69	99										
42	91	69	61	14	94	26										
70	35	70	35	18	10	42										
41	18	69	49	11	97	53										
67	68	13	33	58	9	16										
20	82	72	71	26	55	74										
36	26	59	12	62	98	76										
13	8	98	64	6	6	80										
55	64	43	77	4	37	1										
88	71	48	98	61	90	91										
48	67	43	84	92	90	86										
26	16	51	65	62	11	73										
62	12	27	38	84	75	15										
76	78	58	81	36	59	23										
95	74	79	41	6	57	42										
39	53	9	78	90	11	18										
45	86	97	67	11	99	26										
47	87	100	35	48	31	43										
20	62	2	76	22	57	65										
3	49	83	3	44	4	84										
69	41	81	69	8	42	85										
30	85	5	32	14	98	3										
38	18	14	53	43	14	35										
64	23	54	43	39	7	10										
97	74	42	56	15	70	40										
86	70	40	95	11	18	2										
50	96	80	70	69	39	7										
55	93	6	82	34	43	37										
18	87	59	72	22	70	85										
72	29	16	83	2	20	51										
80	30	43	21	56	18	86										
97	55	49	31	72	53	94										
2	90	42	45	15	49	79										
16	2	15	90	50	75	50										
97	96	91	59	19	90	1										
28	20	97	54	36	15	73										
42	21	30	15	92	31	57										
39	31	68	74	98	69	49										
59	87	68	60	39	56	15										
76	95	81	46	23	2	77										
6	42	18	10	22	45	36										
41	74	49	50	13	77	76										
65	26	72	69	10	70	80										
98	75	31	60	24	82	33										
85	4	59	11	60	69	21										
49	98	3	15	44	32	95										
71	55	52	63	60	64	75										
32	63	30	24	10	63	58										
45	78	31	91	58	63	31										
38	59	17	63	59	53	85										
87	84	41	64	37	44	64										
12	57	54	57	36	8	33										
54	48	94	2	19	21	94										
95	83	28	4	88	12	69										
56	69	45	43	19	55	90										
15	44	42	92	44	39	38										
57	36	2	10	26	82	12										
46	18	17	88	78	25	38										
61	17	63	27	27	44	58										
57	29	40	37	66	26	14										
28	66	32	69	2	61	44										
57	47	98	48	89	70	82										
19	52	80	1	51	63	44										
54	67	43	14	38	4	92										
70	50	19	1	50	91	2										
10	16	30	92	67	62	50										
51	80	98	97	59	78	70										
87	66	91	17	10	20	39										
81	76	50	8	73	20	89										
18	44	51	96	13	43	99										
48	56	6	15	14	27	32										
5	5	72	67	70	38	68										
42	13	3	19	7	70	30										
59	56	36	84	17	30	27										
91	50	25	74	55	65	32										
36	100	29	3	37	8	92										
1	71	63	99	24	52	18										
11	27	47	18	52	10	60										
22	81	83	97	51	96	27										
90	19	9	90	19	43	30										
59	24	19	1	42	76	95										
81	13	5	37	33	21	28										
23	83	39	41	47	51	14										
87	88	58	62	30	78	19										
48	83	17	54	89	39	33										
84	98	66	49	40	16	43										
20	24	76	68	1	34	33										
99	31	24	43	80	92	6										
1	2	51	45	80	96	60										
21	90	63	86	36	5	52										
54	36	6	45	12	79	36										
6	26	65	1	96	79	98										
37	49	12	14	86	100	3										
11	66	60	51	37	6	29										
31	25	8	28	21	54	27										
84	82	50	46	43	25	23										
60	88	33	33	50	68	34										
87	82	64	45	9	22	39										
31	87	21	23	2	91	92										
19	19	63	6	87	48	58										
67	66	4	35	23	74	21										
55	14	94	55	69	70	66										
66	47	31	85	83	4	68										
83	21	80	36	86	64	84										
40	76	36	52	2	63	41										
81	8	77	100	84	31	49										
79	26	98	12	91	61	41										
54	96	35	34	61	2	5										
67	83	89	21	57	11	44										
35	22	17	46	88	33	85										
40	51	51	31	33	91	84										
91	44	29	94	88	57	6										
37	14	82	12	67	80	15										
82	23	90	83	99	7	46										
54	5	39	80	97	78	85										
44	24	48	41	30	68	99										
31	31	25	23	14	28	72										
99	6	76	23	45	25	33										
40	12	84	80	1	80	89										
30	55	60	15	43	77	24										
19	97	65	19	11	8	87										
94	76	45	99	66	18	58										
49	72	48	74	37	65	9										
8	15	47	19	95	23	26										
84	71	2	4	21	67	4										
2	95	35	26	86	42	66										
25	36	23	11	99	91	95										
8	7	16	7	10	90	100										
51	38	40	59	94	84	14										
73	78	82	91	39	69	73										
23	65	75	87	25	70	48										
63	94	100	33	12	88	49										
78	26	76	19	94	34	41										
88	45	78	57	100	71	67										
75	47	46	44	26	53	16										
54	16	74	66	71	94	84										
65	91	30	96	15	95	23										
55	33	83	62	6	28	37										
87	42	12	50	17	11	4										
41	62	75	69	59	5	15										
37	11	25	17	20	31	49										
88	53	82	32	59	60	47										
57	7	88	75	34	96	13										
97	75	45	70	99	19	91										
73	28	86	51	55	14	28										
89	4	27	10	93	30	69										
86	37	52	19	2	54	5										
92	84	58	54	50	69	60										
48	36	25	69	99	92	75										
41	54	60	13	58	28	97										
52	51	6	51	29	95	49										
4	46	86	43	18	5	76										
31	54	38	85	14	3	78										
15	27	12	87	79	61	24										
22	70	45	37	54	93	62										
33	55	11	33	95	23	84										
92	25	96	56	52	74	56										
2	98	32	21	46	38	9										
73	47	99	61	68	45	50										
66	68	42	90	52	39	23										
100	81	76	86	96	75	35										
53	57	20	48	24	73	76										
79	10	58	18	4	49	39										
35	44	9	32	95	87	64										
77	80	28	68	85	18	85										
50	5	29	21	46	57	56										
98	2	84	91	54	88	62										
91	1	5	46	4	46	4										
50	3	82	32	62	59	16										
69	18	17	60	25	99	51										
34	85	31	97	39	40	66										
55	43	8	23	70	11	93										
34	90	48	86	86	15	97										
57	62	100	49	4	65	33										
13	59	30	13	57	2	64										
79	12	13	68	72	32	90										
71	27	79	85	97	7	7										
32	54	1	69	56	93	48										
90	12	17	94	37	31	3										
45	55	76	61	71	61	45										
77	16	9	14	9	24	56										
13	9	67	35	66	44	99										
16	37	32	41	38	100	87										
8	46	42	95	5	26	57										
67	18	90	100	62	91	57										
14	73	73	21	70	71	78										
20	63	73	6	96	54	85										
75	80	11	4	38	78	18										
58	61	43	44	2	5	69										
49	9	71	13	81	99	91										
9	79	59	67	25	50	46										
47	3	6	66	3	5	55										
64	97	19	8	48	87	84										
84	4	65	58	28	51	67										
70	87	63	57	80	86	20										
77	88	70	32	31	47	55										
24	30	97	1	49	36	69										
10	53	35	25	22	16	85										
94	59	48	31	89	19	20										
100	53	18	27	46	10	71										
70	23	92	60	80	82	32										
43	21	41	94	4	61	70										
48	40	56	25	54	7	38										
100	76	21	59	92	67	92										
93	81	22	73	80	92	25										
59	62	10	92	87	32	15										
33	61	98	8	99	21	26										
47	62	68	20	18	2	51										
36	95	49	61	68	60	53										
2	91	98	17	37	94	7										
29	75	63	13	61	66	18										
99	62	61	44	81	8	69										
31	66	94	5	69	95	33										
98	99	23	35	59	13	67										
73	35	2	3	57	63	92										
19	83	60	61	12	50	16										
67	83	65	56	84	23	23										
44	51	33	63	38	10	27										
28	66	15	27	23	82	51										
59	89	89	92	71	53	52										
68	92	3	33	47	53	20										
25	9	51	4	45	74	90										
12	100	44	93	20	68	12										
30	49	55	58	48	32	5										
88	56	89	69	59	63	27										
30	77	58	18	44	80	74										
30	84	81	15	96	97	78										
7	98	56	56	91	70	43										
39	91	37	58	53	97	32										
86	69	31	75	60	63	75										
73	5	35	44	97	49	63										
97	90	78	89	1	87	75										
4	11	50	29	13	6	32										
66	70	67	4	49	76	86										
77	63	69	66	68	10	67										
43	62	70	100	79	26	60										
24	11	64	33	1	36	26										
92	32	6	48	83	81	10										
59	3	24	28	3	61	58										
66	33	18	96	7	45	82										
10	30	66	1	76	16	5										
79	4	32	58	20	91	5										
20	41	27	79	76	8	2										
37	86	90	67	42	13	52										
29	66	25	29	70	56	32										
69	96	17	55	76	26	89										
17	19	85	37	84	77	16										
100	59	63	4	21	33	96										
1	68	71	33	31	27	46										
12	55	2	100	81	30	57										
60	96	41	5	14	74	28										
36	72	58	48	94	61	34										
48	47	29	4	75	63	56										
55	99	85	36	66	46	63										
9	83	31	69	20	52	26										
62	41	2	52	100	69	75										
72	52	8	21	86	79	82										
22	61	40	24	39	59	52										
83	82	96	28	43	51	67										
40	79	5	25	42	98	93										
64	64	33	3	98	5	93										
57	35	48	27	89	53	52										
49	67	32	88	59	73	45										
7	79	4	22	80	32	67										
98	76	13	79	92	98	20										
93	42	71	26	54	57	42										
76	87	27	42	43	33	11										
63	91	18	69	67	20	33										
19	90	66	79	30	9	60										
3	43	32	66	26	2	31										
5	16	23	34	18	56	16										
73	85	4	3	49	89	95										
58	28	87	3	52	56	3										
22	71	81	63	42	78	80										
4	84	34	31	5	84	91										
87	92	24	70	98	96	98										
37	99	37	18	5	4	4										
8	3	36	92	5	90	16										
52	39	47	34	28	46	66										
49	83	39	64	44	73	39										
7	78	94	77	41	10	66										
93	72	47	98	58	8	86										
92	48	55	29	29	89	17										
19	12	49	37	34	40	18										
27	41	11	30	85	21	27										
8	71	92	33	14	15	87										
42	30	61	19	69	69	18										
72	15	96	32	14	61	39										
12	52	32	70	88	59	8										
48	88	3	66	45	47	25										
73	43	30	58	53	90	8										
15	13	78	1	25	9	45										
46	68	9	14	100	50	31										
2	65	4	40	94	37	12										
17	85	55	15	40	5	20										
74	51	56	1	31	71	68										
78	37	97	65	79	41	51										
64	14	16	82	66	34	2										
72	74	1	35	23	75	62										
40	29	18	18	43	21	88										
24	32	14	42	69	67	83										
56	83	16	67	74	58	98										
82	79	100	61	31	57	61										
6	14	66	41	81	44	23										
44	50	34	32	65	7	1										
75	89	10	30	100	57	82										
27	71	28	26	68	88	38										
13	71	12	49	39	23	2										
62	100	41	2	79	96	45										
25	13	90	17	71	66	36										
26	2	64	82	38	95	45										
19	46	93	56	16	1	40										
11	31	38	70	26	53	77										
7	29	91	98	19	63	54										
3	6	48	43	77	7	66										
81	71	2	24	50	48	44										
85	59	6	66	65	37	6										
34	39	59	59	22	60	71										
38	85	60	44	29	23	36										
22	26	77	23	71	16	63										
26	25	15	87	42	24	91										
34	78	90	56	47	62	67										
98	100	45	49	52	43	82										
85	30	94	60	13	64	97										
22	92	67	40	74	61	98										
55	51	96	59	9	9	59										
20	97	53	37	61	67	79										
66	88	69	98	62	58	50										
53	73	83	18	62	53	65										
60	50	30	12	43	39	65										
94	8	90	47	49	70	26										
61	27	80	80	96	23	39										
20	95	2	61	25	52	44										
57	74	2	84	42	66	1										
19	62	27	35	86	41	5										
27	8	11	3	50	39	30										
75	44	45	66	95	24	2										
25	88	51	100	40	55	73										
26	81	56	97	35	45	36										
11	17	87	78	94	74	56										
97	10	73	89	77	59	31										
11	46	42	100	58	86	43										
68	96	74	58	80	62	41										
52	55	45	47	18	94	68										
28	78	33	26	49	35	39										
82	68	69	90	80	79	10										
16	40	6	21	44	42	25										
60	33	20	46	1	93	14										
84	4	23	23	24	4	1										
64	43	68	46	32	12	32										
74	52	63	33	80	33	11										
80	35	15	53	5	80	50										
61	55	46	6	22	6	66										
58	19	37	3	58	52	81										
24	4	13	43	34	55	8										
20	97	99	41	21	56	42										
85	18	55	11	35	39	28										
5	84	45	11	89	17	82										
8	2	12	66	72	94	7										
42	57	40	83	95	34	52										
94	43	3	1	53	66	78										
29	89	73	3	1	52	2										
89	97	12	93	26	19	31										
23	50	66	59	64	68	34										
6	92	60	65	36	53	55										
11	93	17	74	42	49	68										
69	97	15	56	50	81	87										
63	98	12	24	43	78	21										
57	10	17	39	51	59	62										
8	77	84	71	41	69	96										
62	91	75	38	59	23	28										
99	35	87	95	84	3	34										
4	5	13	36	77	87	27										
4	7	97	40	82	14	79										
43	43	14	30	27	30	85										
15	12	100	37	15	78	52										
84	54	44	83	87	3	50										
11	26	12	55	67	47	27										
12	70	28	86	7	68	83										
44	65	88	3	36	2	82										
23	84	37	64	44	9	46										
5	35	81	50	42	60	26										
67	26	81	2	33	73	2										
39	69	34	48	74	13	57										
31	91	41	45	85	52	50										
93	13	1	2	60	45	23										
75	46	14	11	30	80	61										
22	77	52	100	71	41	83										
81	47	10	35	48	55	98										
30	97	79	59	54	96	34										
4	4	63	72	86	75	35										
34	6	1	42	27	93	71										
99	42	21	83	37	17	58										
60	28	33	72	12	39	17										
11	12	58	19	13	96	27										
11	36	28	62	13	34	89										
76	28	8	73	8	97	25										
45	14	87	54	12	97	79										
25	62	61	57	1	37	51										
80	26	4	4	60	33	27										
58	53	96	6	29	42	55										
62	70	13	81	46	2	59										
26	53	49	32	7	18	29										
64	4	11	63	98	60	20										
78	98	33	28	21	100	84										
41	39	89	47	50	66	54										
58	10	66	13	69	83	96										
63	80	71	59	92	6	28										
2	50	71	41	49	34	78										
97	84	81	25	75	18	19										
76	44	33	65	82	52	12										
71	32	32	22	2	91	35										
21	11	68	42	31	44	69										
75	88	74	63	48	58	33										
44	29	96	66	60	44	14										
37	25	33	43	45	3	79										
97	18	85	49	91	76	72										
33	23	10	97	22	28	30										
95	38	20	22	60	53	7										
45	86	72	85	73	23	63										
22	54	45	92	54	26	6										
9	34	64	63	21	11	67										
22	23	18	43	8	96	93										
95	21	87	58	6	20	15										
6	61	37	92	92	31	89										
44	23	50	38	75	71	60										
46	63	93	60	55	40	87										
76	11	75	95	83	62	34										
80	9	58	17	55	61	78										
94	67	98	4	51	50	20										
84	92	92	37	47	47	25										
32	21	44	20	64	80	46										
17	31	13	84	85	1	86										
55	52	66	77	49	56	58										
28	59	72	83	61	97	17										
10	70	71	73	52	66	36										
66	3	2	4	13	77	86										
63	21	66	86	48	37	1										
28	8	39	46	59	37	51										
39	48	16	26	67	57	92										
58	38	79	67	34	62	22										
79	36	28	16	46	82	57										
50	90	3	80	51	63	92										
73	24	6	2	3	34	75										
94	34	78	54	50	42	77										
46	10	72	33	97	52	85										
25	49	41	61	50	3	14										
35	93	79	84	80	79	53										
20	28	8	27	5	19	29										
15	91	10	73	92	19	65										
5	65	5	12	55	43	88										
23	29	84	56	16	80	34										
91	32	52	32	6	79	13										
13	36	24	69	88	60	66										
84	22	32	96	61	3	62										
74	72	7	13	94	32	29										
17	2	36	78	71	14	30										
83	41	17	81	31	6	50										
14	34	42	34	45	13	10										
1	87	13	53	22	39	1										
8	67	90	41	44	77	93										
88	51	82	13	27	3	12										
37	61	5	78	41	73	66										
15	98	41	22	4	30	4										
8	39	93	94	55	92	62										
92	8	3	23	92	15	57										
85	28	13	12	36	53	6										
43	43	94	74	70	66	33										
72	99	46	40	98	6	25										
2	67	72	52	83	15	87										
63	20	98	39	71	37	82										
6	45	98	7	36	49	3										
63	49	67	86	53	17	96										
79	77	48	11	94	55	52										
28	8	33	8	66	29	63										
75	35	94	3	25	49	67										
64	77	51	93	71	35	93										
36	28	46	33	11	64	16										
64	94	12	14	56	98	96										
37	28	21	57	56	74	6										
78	75	58	85	32	58	3										
11	62	47	4	26	30	64										
93	52	93	51	25	51	18										
8	56	18	85	7	42	63										
79	57	29	87	17	38	44										
76	24	12	77	15	90	75										
76	67	79	78	91	87	91										
25	100	1	41	24	17	89										
15	9	60	12	24	82	23										
89	96	3	72	33	21	17										
52	6	81	11	19	26	41										
96	61	7	45	99	76	16										
35	63	60	17	23	20	20										
2	85	35	40	14	87	66										
72	90	4	58	49	90	40										
11	48	37	36	8	40	83										
35	27	83	55	33	7	98										
56	56	57	5	32	56	79										
40	99	81	69	75	50	24										
73	72	61	66	37	18	21										
24	96	17	10	71	17	24										
60	20	54	13	93	43	20										
32	22	67	33	26	42	26										
82	3	65	6	43	45	71										
67	86	3	66	21	52	57										
91	4	30	88	15	74	80										
62	91	89	99	52	54	32										
45	58	50	63	81	77	54										
21	63	52	33	8	6	98										
49	50	4	72	52	9	9										
99	98	87	71	94	16	9										
47	9	29	65	15	13	41										
27	66	41	96	56	68	26										
13	91	48	35	54	24	38										
55	66	88	54	61	49	91										
39	86	42	7	93	53	57										
73	8	14	2	11	71	94										
71	51	80	11	11	83	79										
49	61	54	3	30	19	53										
38	13	53	11	84	4	78										
36	16	40	95	69	38	41										
39	56	2	38	2	55	66										
76	80	40	43	26	63	16										
56	17	76	87	50	72	11										
91	96	31	17	22	12	68										
82	76	8	31	44	68	73										
92	67	18	92	41	18	69										
76	35	85	31	63	98	69										
70	80	6	93	22	12	82										
54	100	58	57	92	38	91										
16	90	1	68	8	15	88										
28	11	14	53	71	68	26										
50	1	64	80	35	41	21										
17	61	50	91	100	24	35										
24	22	36	10	4	10	61										
55	5	25	24	48	70	73										
43	21	96	80	73	89	27										
9	3	75	53	43	100	38										
71	38	60	56	34	53	23										
16	37	2	48	91	43	91										
40	46	73	34	15	49	45										
97	4	99	40	92	31	41										
3	22	17	99	78	73	57										
92	20	17	89	18	15	51										
7	64	52	83	86	31	51										
23	80	67	99	23	65	89										
17	20	94	24	92	75	17										
67	43	16	49	48	30	10										
73	41	53	24	63	49	40										
6	92	34	49	26	2	100										
99	99	73	7	26	59	98										
70	66	31	70	35	37	79										
57	41	97	85	99	46	11										
85	7	80	57	15	98	64										
59	62	21	27	55	63	17										
67	25	99	89	16	75	86										
48	45	87	92	2	66	65										
29	37	31	69	54	34	67										
30	15	98	98	59	69	84										
70	79	9	46	6	32	21										
76	10	83	90	68	33	30										
77	11	22	99	16	39	4										
81	75	15	32	53	24	55										
47	35	100	37	22	34	73										
50	54	75	17	61	26	30										
16	75	15	30	93	11	13										
59	22	12	1	68	54	9										
79	100	99	72	63	27	41										
81	93	19	42	30	45	73										
53	80	62	80	48	34	87										
9	41	61	63	58	37	31										
46	89	26	58	9	84	84										
6	62	94	91	7	98	60										
96	11	78	59	27	99	30										
16	59	24	97	88	21	84										
75	73	49	43	29	7	53										
60	85	59	98	8	10	4										
1	83	37	58	70	80	99										
82	10	82	64	85	59	91										
69	14	71	22	87	66	14										
6	99	41	47	21	76	35										
39	96	26	69	33	31	53										
3	44	78	98	21	74	86										
51	66	35	75	13	31	87										
91	62	34	73	53	6	88										
84	99	62	59	19	8	19										
86	98	4	6	71	48	61										
90	15	74	23	82	20	18										
47	92	62	2	47	85	48										
42	55	3	9	85	100	72										
80	81	23	91	59	17	78										
16	6	93	95	83	51	22										
51	61	37	21	8	10	61										
7	49	16	87	8	54	37										
60	42	45	69	39	24	12										
3	53	62	84	60	38	54										
45	9	42	75	3	24	70										
77	41	40	90	69	50	22										
94	97	51	16	88	9	7										
71	5	73	30	69	80	36										
92	27	54	33	77	98	38										
15	96	17	79	42	51	5										
58	63	2	28	21	71	6										
80	77	72	4	41	3	12										
2	99	91	92	79	64	51										
21	56	82	18	71	44	53										
50	68	29	8	97	75	63										
84	36	10	67	11	83	63										
16	28	14	46	91	77	30										
95	74	57	23	21	76	61										
85	23	54	55	35	21	19										
100	97	78	41	50	68	7										
88	66	72	100	12	25	77										
6	93	94	9	60	55	34										
72	12	82	13	31	55	86										
66	79	55	14	33	57	95										
52	93	10	52	52	22	19										
49	1	53	73	7	30	32										
19	30	6	36	76	92	70										
92	90	44	80	33	76	18										
35	92	80	92	52	9	80										
16	55	68	19	59	26	8										
23	31	13	17	34	46	95										
23	24	9	31	46	23	65										
45	36	75	33	37	78	81										
94	16	94	94	68	16	5										
11	85	46	84	95	75	75										
81	39	77	37	5	66	70										
33	86	62	20	15	51	83										
95	6	56	32	23	13	62										
75	56	7	24	65	93	24										
28	25	12	17	77	45	15										
24	99	50	67	100	72	6										
4	68	14	33	90	45	37										
89	20	75	70	5	10	78										
50	37	80	60	27	74	100										
76	11	65	61	81	15	9										
71	95	4	22	14	35	37										
78	58	18	38	64	14	33										
17	30	3	98	16	77	54										
96	65	40	74	16	44	48										
49	60	93	91	53	4	99										
67	27	19	31	45	21	30										
37	23	21	4	45	68	44										
38	25	12	25	54	97	28										
29	1	83	58	5	69	77										
68	84	35	37	84	12	89										
54	5	18	94	21	53	83										
17	10	72	81	41	37	27										
75	94	45	2	81	36	33										
71	42	72	18	56	20	43										
52	57	36	31	4	10	50										
31	58	29	71	39	66	86										
39	94	88	66	4	89	72										
42	57	68	64	92	46	24										
96	15	26	99	12	66	36										
44	59	24	56	42	10	27										
97	99	29	43	96	100	39										
31	45	69	54	57	47	14										
16	68	28	88	34	19	87										
84	73	92	82	2	59	73										
38	17	20	41	86	18	94										
96	33	56	70	3	56	37										
48	12	54	39	46	32	53										
84	13	13	25	84	45	33										
83	79	60	35	54	77	86										
3	77	9	45	9	53	50										
86	48	48	77	17	39	74										
77	3	1	73	81	89	1										
64	7	33	43	92	61	24										
34	78	58	31	53	29	92										
80	66	79	84	12	52	36										
76	79	77	90	24	68	100										
68	31	81	25	13	85	82										
39	92	12	43	23	20	57										
81	75	86	28	8	40	36										
98	7	12	36	9	75	61										
5	80	47	40	31	69	98										
91	97	78	33	17	77	26										
47	71	10	1	45	37	77										
29	21	81	52	67	93	50										
38	51	38	27	9	74	9										
50	48	84	45	76	57	18										
63	52	99	55	19	70	7										
3	61	22	14	47	64	57										
76	4	94	30	83	55	84										
52	65	99	33	67	15	43										
15	14	63	65	3	42	38										
71	80	39	18	42	45	59										
67	20	50	93	82	96	99										
85	59	30	85	52	66	47										
12	3	9	41	43	59	6										
6	43	9	42	21	96	30										
18	85	96	5	71	45	21										
72	8	5	91	11	13	10										
44	16	50	12	74	7	48										
17	24	84	58	5	98	27										
41	81	79	61	35	63	42										
90	94	82	31	87	22	77										
49	67	87	51	53	36	72										
7	16	59	86	99	44	25										
16	4	12	97	82	26	6										
31	27	58	77	15	81	2										
43	74	88	11	19	68	30										
42	43	84	16	9	15	89										
73	81	33	64	67	32	13										
95	66	79	41	22	96	92										
2	7	14	42	95	7	59										
24	7	43	10	49	89	76										
3	97	12	68	9	42	47										
22	76	25	78	72	88	34										
62	40	53	52	40	46	74										
18	9	91	86	32	73	50										
57	15	13	49	85	91	94										
72	66	57	89	34	23	67										
89	46	51	65	98	56	16										
23	34	47	86	61	90	8										
49	41	36	49	87	50	64										
34	79	20	88	9	32	12										
55	80	43	97	6	21	65										
32	76	85	4	6	94	14										
15	49	38	62	29	97	33										
26	50	11	76	28	7	29										
21	87	17	87	57	92	74										
36	15	19	25	51	25	38										
9	37	31	75	28	47	73										
7	62	20	28	12	24	61										
33	4	7	22	92	6	56										
82	64	47	71	13	55	1										
93	14	7	100	25	35	6										
98	27	87	70	94	40	98										
88	66	86	20	94	47	40										
29	33	87	44	36	69	35										
83	85	93	67	71	69	52										
67	57	46	95	41	72	95										
33	7	65	74	6	22	21										
25	92	83	29	87	13	37										
45	38	41	70	7	32	77										
16	49	85	2	22	88	90										
64	54	33	51	58	78	74										
80	3	92	51	33	34	11										
86	99	91	1	85	45	70										
28	80	31	83	67	98	65										
3	66	66	94	39	73	56										
53	78	100	14	36	2	33										
42	98	94	28	29	20	32										
38	53	21	63	48	15	18										
76	44	39	6	16	6	75										
65	13	71	47	8	83	96										
21	87	56	37	25	16	33										
55	97	62	91	55	32	30										
80	17	16	37	88	6	11										
40	55	15	26	84	88	64										
19	37	18	4	76	21	73										
20	2	86	96	55	25	6										
42	55	94	80	75	24	20										
56	86	74	9	30	69	72										
76	92	22	4	62	27	15										
78	31	20	9	85	8	13										
49	56	44	39	25	91	100										
77	72	14	33	27	100	36										
51	86	39	71	73	5	77										
96	38	73	53	32	93	7										
37	11	61	14	21	21	42										
56	55	26	46	96	36	73										
89	79	14	74	50	6	92										
23	57	81	31	79	58	49										
5	15	79	100	79	55	47										
5	71	27	99	60	61	10										
16	39	29	15	91	72	67										
12	88	13	53	74	85	20										
51	88	66	46	31	33	32										
64	97	16	74	47	24	68										
18	33	78	75	93	61	16										
68	25	66	83	23	98	21										
30	62	73	70	33	82	27										
16	25	1	6	99	12	26										
70	55	28	56	62	71	25										
91	65	1	80	88	19	41										
70	34	40	99	92	77	6										
70	51	96	11	76	20	3										
67	17	11	41	87	3	73										
46	42	25	53	35	79	15										
8	45	31	47	66	71	7										
91	34	50	20	30	24	91										
48	48	36	56	11	37	80										
22	23	45	65	49	73	57										
12	62	86	59	68	46	19										
56	33	26	21	60	65	72										
23	55	79	33	40	5	15										
62	84	42	24	8	62	96										
7	27	68	53	67	61	18										
53	77	21	79	37	10	1										
53	42	54	100	31	60	42										
14	84	67	91	10	44	56										
96	9	21	73	45	94	93										
39	63	21	89	57	64	2										
6	42	46	14	23	96	10										
96	14	30	28	82	29	69										
67	82	43	31	38	76	43										
91	79	99	86	93	35	29										
35	80	80	36	87	20	91										
13	51	49	41	9	70	80										
59	81	35	87	60	55	56										
39	62	29	31	43	8	81										
71	47	25	58	2	13	69										
48	26	53	62	42	4	40										
22	21	38	94	74	93	37										
38	1	20	5	51	92	62										
18	78	100	36	90	77	86										
26	71	69	34	93	3	76										
90	29	90	15	75	86	88										
30	84	64	79	77	1	39										
87	17	49	89	12	54	34										
67	50	38	84	94	52	25										
42	20	67	27	56	23	94										
72	41	21	77	47	53	21										
21	55	82	97	82	50	14										
4	69	11	15	5	9	69										
95	70	77	88	53	47	77										
83	35	53	99	28	19	75										
25	60	76	89	2	31	91										
61	83	58	5	87	29	30										
64	76	62	96	25	4	6										
99	31	55	15	51	77	46										
58	31	7	27	17	73	48										
2	4	29	27	19	23	71										
83	90	76	5	81	97	13										
38	99	36	7	97	90	31										
79	60	87	43	91	28	44										
1	67	41	48	96	85	10										
49	21	65	12	36	93	68										
65	50	14	91	62	93	77										
1	8	65	99	34	36	100										
50	49	90	54	89	20	56										
49	14	80	78	21	15	54										
72	86	18	62	72	18	69										
26	23	21	46	96	61	8										
91	83	11	3	70	37	62										
40	24	98	93	79	18	37										
5	92	59	7	16	73	71										
18	39	40	36	95	44	76										
96	56	83	36	45	57	63										
42	79	86	92	24	15	13										
74	93	41	81	13	17	47										
3	76	39	74	68	58	46										
74	35	80	40	53	73	66										
1	75	7	61	1	85	52										
62	53	54	2	75	46	3										
55	31	51	58	24	52	70										
58	19	62	99	92	52	33										
6	70	96	86	56	10	20										
56	39	76	12	62	14	78										
62	41	28	1	32	42	79										
31	28	82	33	52	91	36										
78	35	49	24	54	68	37										
53	80	39	11	9	81	37										
19	81	55	87	73	35	40										
76	11	61	5	55	50	12										
33	88	88	57	89	86	21										
73	26	31	86	96	63	18										
78	94	17	25	78	100	90										
43	99	66	16	88	65	29										
57	9	17	20	47	22	74										
70	52	68	13	3	52	28										
7	71	76	84	30	49	85										
73	8	22	98	19	41	13										
86	87	18	31	47	64	91										
96	96	28	44	51	65	98										
58	79	81	76	94	72	65										
66	80	8	27	76	88	32										
42	25	78	25	40	39	99										
78	4	37	97	46	33	56										
95	78	8	13	88	55	87										
35	63	52	50	37	31	58										
64	95	42	25	79	10	78										
76	13	3	65	67	18	71										
87	44	27	56	30	96	56										
70	53	7	40	5	81	89										
42	50	71	11	95	13	100										
11	53	34	67	92	100	59										
79	59	77	65	30	41	19										
81	21	56	62	30	81	69										
99	93	23	71	60	7	22										
5	33	15	31	85	18	16										
82	49	89	35	87	13	82										
7	62	65	25	96	83	50										
71	47	37	63	55	63	24										
98	34	72	90	43	27	84										
20	52	18	57	77	40	73										
26	2	51	33	43	59	3										
57	74	4	16	68	95	18										
43	16	56	86	57	83	28										
20	86	64	62	35	92	35										
90	100	64	28	31	82	5										
79	95	64	15	94	44	65										
51	11	79	46	75	81	21										
36	67	68	9	98	96	43										
88	43	4	71	86	76	9										
28	62	29	88	28	97	2										
95	61	52	92	63	7	87										
17	51	92	2	45	42	5										
97	94	52	43	77	68	77										
15	92	48	58	17	46	42										
65	24	54	27	74	41	67										
32	74	16	83	19	63	71										
18	65	34	87	87	79	73										
33	8	29	78	70	99	28										
8	78	30	9	52	16	88										
27	58	79	81	21	70	81										
41	69	47	21	86	89	31										
8	35	66	42	80	53	19										
42	56	55	92	70	52	81										
98	92	66	28	94	27	1										
83	1	42	63	34	52	18										
44	37	91	83	99	90	77										
14	87	37	6	22	19	64										
67	24	89	6	14	4	11										
74	64	48	65	55	50	92										
52	18	66	42	53	64	55										
13	81	93	46	41	39	93										
81	25	65	28	52	15	69										
28	52	62	41	22	32	3										
5	81	38	4	59	13	82										
56	80	8	75	92	85	20										
19	72	88	70	36	14	73										
24	38	60	24	45	30	56										
62	79	56	4	72	98	6										
86	2	74	19	66	81	86										
41	97	14	10	62	58	96										
26	53	66	41	39	52	93										
65	70	90	81	26	38	81										
100	9	35	11	4	23	8										
49	25	59	40	40	44	38										
26	100	71	74	57	90	93										
97	52	29	40	21	77	79										
5	1	47	23	32	96	44										
23	69	3	14	91	20	50										
7	46	27	7	71	12	20										
15	74	100	34	60	23	67										
45	18	51	16	63	38	90										
63	92	33	1	3	20	31										
96	90	95	89	80	40	82										
86	100	18	3	33	2	83										
64	92	27	98	24	97	17										
92	83	54	81	16	7	29										
90	55	12	56	75	40	71										
30	9	85	57	11	6	90										
2	91	9	31	97	15	34										
30	68	84	50	63	16	71										
38	87	96	80	66	56	78										
46	57	88	45	98	90	98										
16	5	12	33	1	30	83										
75	26	94	39	21	16	37										
28	91	62	92	44	34	97										
12	26	78	87	19	35	31										
29	34	61	73	68	29	32										
43	26	29	68	27	50	99										
78	52	45	46	41	64	92										
82	2	70	98	43	96	73										
19	34	54	30	56	29	84										
35	49	56	9	52	4	4										
18	26	7	25	21	96	90										
50	17	52	66	44	74	77										
1	40	49	72	52	33	48										
89	28	45	27	63	58	76										
27	48	41	80	2	61	27										
46	24	43	78	25	85	17										
25	32	39	54	78	57	92										
92	28	13	22	59	57	54										
10	18	59	89	45	29	36										
100	23	79	54	90	30	40										
61	74	31	47	33	1	73										
14	5	65	75	25	88	32										
25	7	60	38	19	99	87										
91	94	40	90	99	19	22										
39	96	43	55	29	56	79										
27	10	44	66	47	8	9										
97	61	92	18	67	38	21										
82	64	83	59	40	10	26										
5	64	40	86	17	73	91										
39	36	37	49	4	31	13										
95	70	38	79	51	33	37										
29	86	66	61	68	89	9										
16	19	49	6	77	1	78										
14	46	9	70	18	32	88										
10	88	31	95	89	10	96										
48	94	52	13	29	22	86										
9	87	50	48	14	41	80										
72	24	44	51	60	77	87										
40	64	44	15	61	27	95										
15	100	19	77	37	45	27										
60	29	46	32	50	10	72										
5	40	28	86	18	50	26										
47	43	15	35	93	83	93										
42	21	50	97	71	25	73										
8	10	48	62	39	11	72										
89	87	95	28	91	90	35										
89	20	68	28	61	89	31										
8	1	49	89	74	71	25										
13	19	81	26	93	31	21										
92	66	56	27	94	51	44										
4	96	46	35	37	95	91										
44	65	45	86	100	24	15										
68	4	61	38	74	84	14										
77	10	84	4	7	62	37										
67	28	75	97	38	31	48										
84	14	91	99	68	3	9										
73	91	8	37	51	20	4										
25	12	73	88	30	52	64										
4	86	80	31	39	7	91										
69	59	94	87	35	53	60										
76	80	51	53	87	74	87										
17	56	64	97	71	53	21										
35	22	9	70	54	43	83										
50	2	35	7	21	52	86										
39	1	3	12	74	77	33										
47	87	27	32	100	13	44										
32	28	33	20	3	9	36										
13	38	20	19	43	20	33										
82	72	73	20	37	19	71										
33	35	1	15	46	89	33										
73	23	72	85	50	75	11										
16	28	17	40	54	90	83										
79	58	5	97	69	56	15										
17	93	48	71	99	30	93										
18	57	5	77	96	79	43										
86	89	85	59	21	80	81										
37	64	38	43	50	100	78										
11	43	41	59	76	34	1										
38	99	26	38	49	15	26										
43	100	28	13	41	94	71										
35	13	47	64	7	35	10										
70	15	92	77	79	65	96										
38	5	67	40	7	85	67										
95	14	22	40	98	82	65										
67	38	92	29	1	14	19										
97	65	44	42	8	44	3										
4	8	51	42	9	28	63										
84	90	42	15	14	78	96										
1	99	19	53	55	41	9										
25	92	32	72	48	79	3										
17	54	92	43	84	33	10										
29	13	100	15	66	28	30										
90	12	19	49	35	42	19										
29	39	71	85	10	44	10										
63	45	45	82	91	65	32										
66	74	69	17	4	92	70										
82	90	21	16	25	81	49										
41	1	41	99	24	48	52										
26	81	87	41	15	76	55										
63	73	66	6	26	8	8										
18	98	51	52	91	13	42										
37	68	12	90	8	14	100										
50	32	53	21	59	10	45										
25	94	39	21	45	34	25										
79	93	4	11	53	63	75										
37	97	94	69	41	49	47										
61	18	9	74	29	44	61										
95	7	73	88	65	89	19										
70	29	18	3	18	80	5										
35	39	5	4	86	71	61										
30	83	92	6	30	18	33										
5	67	12	75	57	52	19										
67	54	81	45	42	79	74										
78	99	1	67	47	81	76										
4	79	61	15	94	43	53										
89	88	39	12	53	68	33										
14	75	85	87	58	91	89										
68	79	29	5	7	75	67										
97	71	22	85	65	65	30										
78	61	76	27	40	39	4										
66	59	26	97	74	31	71										
10	92	41	91	31	76	92										
18	23	1	8	97	97	26										
67	91	96	63	51	81	7										
37	22	6	19	78	36	67										
67	50	42	87	63	75	18										
41	75	48	13	49	76	75										
99	78	3	73	41	5	98										
29	22	59	54	60	82	7										
96	66	37	20	61	8	12										
85	20	64	94	11	33	7										
50	23	61	80	10	20	41										
23	51	25	37	99	91	60										
30	48	47	96	2	94	61										
64	15	78	96	37	38	83										
1	96	93	66	88	78	41										
97	7	59	38	68	63	23										
7	67	17	65	15	92	44										
44	47	47	96	19	15	54										
6	11	27	79	64	3	85										
1	70	60	24	3	86	67										
16	46	76	40	11	13	54										
49	16	55	95	45	80	49										
18	24	46	74	7	60	59										
100	20	71	61	96	65	75										
14	95	85	49	47	57	10										
70	64	89	18	45	57	73										
68	100	98	86	95	20	96										
79	18	90	13	85	84	96										
46	11	17	14	47	26	66										
94	50	17	59	2	15	54										
43	41	17	44	44	38	50										
32	46	19	10	49	44	46										
86	65	73	1	17	41	58										
17	51	32	95	99	65	97										
80	12	90	74	98	27	14										
2	39	77	32	13	46	100										
84	93	53	19	43	57	93										
60	39	41	65	4	55	64										
80	47	87	84	49	83	43										
61	96	2	37	20	33	75										
95	77	14	69	50	83	88										
17	84	41	46	97	56	12										
65	39	2	82	35	35	8										
55	57	37	33	49	21	1										
44	75	65	26	35	7	85										
11	96	96	68	37	62	94										
51	93	86	83	16	10	68										
76	9	21	87	95	26	68										
42	48	2	18	48	82	79										
27	10	16	40	15	45	66										
72	31	52	40	13	48	20										
18	58	19	67	53	9	90										
63	66	15	74	78	37	97										
65	63	64	59	97	54	45										
61	78	62	46	86	61	82										
4	80	57	60	92	9	57										
54	46	86	1	28	56	57										
79	60	10	40	35	1	96										
29	32	76	14	48	48	29										
32	40	13	70	29	90	11										
53	93	2	49	44	83	44										
55	84	11	88	83	13	61										
33	3	99	27	27	51	89										
53	80	26	91	39	7	9										
79	46	72	52	100	65	5										
88	8	80	65	59	27	14										
77	46	68	94	33	19	95										
87	47	70	53	8	95	95										
52	8	75	92	22	11	87										
3	47	94	75	34	75	4										
13	16	16	62	82	5	71										
5	45	88	39	25	16	31										
63	99	43	86	29	77	56										
61	56	26	22	69	92	95										
13	14	3	26	99	22	3										
50	11	55	20	63	91	44										
83	87	53	8	42	87	23										
92	77	65	74	34	13	93										
66	60	8	48	76	26	91										
84	22	95	32	39	34	24										
67	37	25	59	54	18	45										
79	78	79	15	97	3	74										
29	86	73	90	99	34	49										
48	62	1	51	21	31	30										
24	97	90	23	81	66	91										
34	25	13	94	93	80	37										
87	95	97	47	35	86	21										
100	91	70	64	87	75	80										
17	23	42	47	25	32	54										
87	51	81	11	47	26	92										
55	7	38	79	54	25	85										
57	34	33	79	35	47	55										
80	99	55	18	68	30	68										
17	79	14	37	24	63	1										
53	76	53	39	36	94	24										
27	82	98	38	4	47	96										
93	8	74	90	8	32	38										
69	73	61	34	22	90	69										
17	54	56	88	85	33	32										
32	72	13	41	83	75	22										
64	42	34	7	63	85	53										
34	43	8	79	21	39	46										
56	3	15	91	59	37	59										
98	88	10	98	84	87	51										
12	94	96	74	98	71	19										
72	15	45	51	31	17	53										
15	13	57	58	4	41	13										
72	40	35	22	15	28	30										
36	90	20	18	17	48	59										
43	98	37	17	6	92	93										
35	60	24	12	35	86	92										
38	59	72	15	31	32	31										
42	10	36	67	96	3	43										
82	87	93	93	80	95	6										
16	86	66	7	30	54	44										
83	1	40	88	21	19	31										
86	99	81	45	77	83	37										
99	94	45	65	34	37	71										
18	79	18	34	4	52	58										
52	60	28	11	33	98	51										
49	46	82	10	45	99	87										
20	20	55	49	47	30	14										
3	58	46	77	44	18	32										
64	25	4	24	31	11	11										
59	47	84	15	73	25	3										
32	24	96	79	9	16	80										
27	49	85	3	33	86	22										
98	31	45	48	12	59	60										
49	73	85	29	71	68	45										
53	18	87	99	27	69	16										
14	76	17	74	77	61	54										
67	58	41	15	98	17	28										
98	44	38	25	25	95	6										
80	59	62	51	12	65	94										
19	3	66	50	48	66	63										
85	18	23	21	10	86	20										
21	17	8	87	18	8	50										
13	73	63	46	51	17	70										
48	3	31	59	17	68	70										
72	82	59	69	30	50	48										
56	52	75	19	71	15	22										
30	33	12	16	50	67	20										
30	24	83	95	82	60	44										
7	100	98	94	80	98	56										
79	24	36	59	72	8	37										
34	95	86	97	32	12	63										
43	33	42	69	39	19	75										
65	46	62	76	64	86	35										
82	32	56	96	28	96	24										
48	95	12	24	29	89	22										
63	55	49	15	75	62	37										
72	41	54	2	35	17	74										
14	54	71	4	38	47	62										
23	88	40	1	11	41	20										
47	3	88	89	33	96	84										
94	77	60	67	100	89	87										
9	68	5	2	64	90	41										
80	58	25	70	63	44	64										
27	56	39	54	98	73	11										
47	19	18	79	60	78	8										
54	64	40	99	89	89	64										
44	51	78	70	87	36	63										
39	34	18	26	85	2	14										
57	14	62	73	33	70	85										
2	56	99	90	55	30	93										
40	41	57	62	48	73	66										
38	69	32	13	7	80	59										
44	31	76	9	8	80	11										
41	96	53	96	38	55	9										
94	29	32	41	26	1	59										
92	45	91	88	95	30	19										
18	53	13	6	97	27	39										
74	87	46	8	32	29	13										
62	25	91	78	10	29	50										
80	51	42	67	47	41	43										
63	47	85	26	30	38	43										
96	55	8	67	51	69	99										
91	39	19	29	24	2	8										
93	76	84	15	78	3	84										
47	10	73	26	62	97	78										
75	90	77	17	41	50	38										
76	12	73	83	20	5	35										
19	54	42	88	2	61	24										
81	80	49	48	34	67	46										
18	50	70	95	79	51	66										
83	31	100	45	40	62	20										
31	13	58	59	6	3	9										
73	59	71	24	54	19	91										
70	25	35	50	91	67	35										
91	98	58	75	79	29	28										
36	9	41	65	51	100	98										
22	60	60	29	98	10	35										
79	94	83	85	80	13	18										
45	25	30	77	53	3	24										
78	2	2	27	37	60	49										
99	95	37	84	26	72	88										
64	59	96	89	72	51	60										
78	51	18	47	62	75	71										
94	22	8	58	24	61	45										
12	32	90	5	31	52	78										
92	68	94	21	65	2	41										
50	70	36	7	56	17	90										
38	46	37	74	16	36	4										
43	2	53	52	62	75	40										
5	68	34	42	39	45	4										
22	92	25	36	22	73	22										
43	36	36	39	20	31	17										
16	12	62	29	23	76	24										
41	20	85	23	84	94	16										
74	91	40	82	35	11	42										
5	16	38	98	92	15	52										
15	26	86	9	58	56	3										
84	3	13	35	73	65	56										
21	29	95	2	93	80	49										
31	23	79	72	16	71	2										
37	38	26	7	64	75	98										
77	10	79	13	73	40	21										
61	99	11	98	89	78	93										
42	99	25	39	26	94	98										
70	65	96	6	74	100	73										
84	78	47	91	90	47	34										
42	16	22	14	32	13	54										
21	32	73	33	57	51	63										
67	36	65	53	25	89	24										
43	16	70	54	73	59	15										
74	48	18	36	25	38	4										
23	33	83	55	71	58	78										
53	37	67	9	33	41	32										
39	1	37	100	63	98	77										
92	1	46	30	47	28	11										
64	76	13	31	43	90	43										
79	82	24	57	89	74	7										
84	40	60	76	92	11	24										
69	46	88	40	44	90	62										
74	72	14	85	88	63	20										
19	95	43	68	11	79	97										
91	84	89	62	73	61	12										
78	76	59	86	77	29	78										
56	99	69	55	92	83	10										
77	49	7	78	12	91	100										
7	67	57	76	49	95	70										
50	44	66	61	90	64	2										
16	78	9	50	57	66	13										
11	24	74	55	19	95	77										
52	34	17	86	27	14	58										
54	81	1	45	33	100	15										
15	66	35	28	93	43	78										
9	41	54	30	73	54	80										
20	40	57	95	76	54	46										
53	91	5	47	47	62	61										
25	38	95	41	35	12	49										
95	96	1	56	83	76	22										
1	47	95	80	48	61	67										
46	5	68	56	20	29	86										
4	88	64	86	46	70	57										
10	6	20	28	34	47	5										
84	71	96	56	29	12	84										
26	27	75	54	53	72	13										
88	63	30	28	81	70	2										
90	27	81	95	43	64	39										
50	76	37	42	5	38	98										
40	7	77	13	52	61	97										
18	62	94	1	72	24	7										
76	86	68	28	75	72	78										
3	8	82	85	73	84	77										
81	50	73	5	96	85	73										
62	23	3	79	51	48	48										
93	81	40	97	59	2	21										
33	18	95	90	39	78	10										
20	50	9	41	90	63	8										
33	22	90	8	63	13	56										
15	87	5	44	56	68	46										
8	24	78	31	51	44	88										
67	92	1	65	28	39	11										
10	84	42	29	11	62	38										
5	89	28	83	22	97	84										
59	9	45	69	77	48	90										
75	24	54	90	60	74	23										
56	87	77	53	95	23	62										
31	34	73	48	37	72	44										
65	55	18	61	2	13	2										
22	60	71	39	7	26	4										
59	38	72	26	83	7	100										
80	47	11	9	21	12	24										
82	49	23	48	11	41	1										
21	63	50	38	50	42	54										
35	34	94	20	18	96	9										
87	75	41	5	28	27	24										
25	48	42	96	28	85	54										
88	91	84	1	13	22	71										
93	80	29	19	14	60	25										
15	2	80	55	38	52	87										
65	65	32	35	93	92	61										
75	50	7	41	73	16	50										
99	53	79	87	95	43	64										
37	28	62	96	18	8	28										
84	13	41	98	36	100	73										
51	15	10	61	15	19	19										
29	77	34	90	33	97	5										
2	53	92	9	1	95	91										
59	76	1	60	59	92	57										
91	50	78	57	77	48	51										
11	39	9	100	50	23	36										
91	23	27	38	49	34	44										
94	8	94	66	14	59	57										
9	93	45	64	36	66	32										
1	71	51	18	53	26	9										
14	25	86	47	93	26	32										
93	57	100	89	49	56	42										
39	49	80	95	30	22	9										
10	47	80	37	12	68	44										
96	95	8	44	83	82	51										
37	23	40	34	38	96	85										
47	29	69	91	96	83	43										
96	100	53	21	15	11	14										
15	57	89	23	27	83	10										
13	49	27	9	16	31	48										
41	7	87	66	44	37	59										
5	45	6	41	86	87	34										
81	92	42	38	79	45	4										
29	10	20	31	67	41	66										
76	59	54	6	63	68	22										
63	43	62	46	47	23	77										
9	12	83	21	40	97	87										
13	5	29	60	98	26	55										
31	78	14	59	19	80	12										
6	31	65	70	99	85	36										
100	61	2	20	54	43	54										
84	35	80	45	68	16	14										
36	16	24	44	38	3	15										
48	49	74	81	11	49	35										
32	46	20	65	88	40	20										
73	24	20	1	79	26	98										
25	35	94	50	34	21	55										
27	97	4	96	9	99	90										
91	26	30	61	51	90	75										
46	63	19	84	34	40	3										
72	67	64	81	94	15	27										
5	53	18	75	9	27	82										
47	15	44	18	94	57	29										
23	7	58	56	57	40	49										
81	30	77	9	9	64	74										
1	65	64	28	47	12	84										
61	35	84	56	88	36	12										
57	97	40	59	38	84	60										
11	61	73	89	31	52	26										
4	37	97	84	48	58	16										
90	22	30	57	35	48	11										
44	35	18	13	18	47	66										
73	43	91	6	86	61	28										
17	42	39	15	15	51	30										
10	86	63	40	79	46	76										
13	32	35	38	19	70	12										
46	37	100	12	63	21	15										
54	71	45	26	90	9	13										
44	24	33	99	6	47	50										
1	21	11	39	59	96	25										
25	5	19	42	57	67	6										
55	34	34	14	54	29	85										
12	79	71	99	79	10	28										
26	14	94	28	51	33	26										
34	9	36	35	43	76	42										
60	57	80	13	36	81	68										
91	11	79	32	49	41	88										
28	17	30	59	15	85	27										
2	11	51	37	87	45	46										
84	90	50	74	31	37	73										
37	5	48	6	50	69	45										
93	57	9	98	28	66	54										
12	5	62	96	86	56	65										
24	52	88	83	61	45	49										
11	21	34	12	80	88	16										
4	18	17	52	58	9	18										
61	1	70	24	97	23	75										
95	52	79	13	84	71	96										
13	18	2	61	56	48	24										
2	29	49	90	66	21	19										
44	84	20	87	30	44	64										
91	86	44	72	84	51	73										
25	88	94	15	47	18	25										
20	83	43	13	52	73	4										
70	92	88	93	16	11	3										
91	52	36	46	27	69	18										
83	37	87	10	98	75	83										
12	64	17	41	25	66	20										
80	67	29	88	64	25	31										
30	41	8	87	33	54	22										
11	13	48	16	34	33	16										
41	34	19	98	60	75	33										
36	18	39	48	12	40	97										
84	25	38	90	96	63	26										
3	65	86	6	90	23	10										
25	29	30	84	52	62	9										
32	36	67	65	82	82	65										
44	19	96	80	5	94	42										
46	19	77	70	98	24	79										
89	59	52	5	64	47	88										
48	93	49	96	81	54	43										
79	77	3	57	20	5	78										
16	2	54	78	40	26	95										
33	14	68	98	87	53	4										
23	9	39	85	26	55	27										
24	69	66	35	14	44	14										
46	63	77	84	46	92	55										
40	95	34	37	80	94	77										
26	59	63	48	30	46	33										
93	84	23	94	78	91	1										
2	52	52	88	77	62	54										
55	66	32	69	4	42	98										
7	56	13	2	35	28	86										
81	47	21	30	92	85	71										
54	30	84	43	68	23	81										
55	23	30	12	89	11	57										
66	73	78	98	36	13	65										
79	32	26	61	25	9	43										
93	42	42	48	96	49	75										
4	41	67	82	81	45	100										
34	17	50	40	96	16	98										
78	51	27	71	89	25	76										
87	32	2	72	8	72	74										
75	14	26	5	2	20	49										
5	21	2	16	9	12	37										
28	70	69	16	85	64	96										
7	11	13	61	48	17	83										
16	44	87	57	39	91	49										
71	84	76	73	13	23	61										
31	54	46	3	62	9	71										
20	50	13	17	7	51	8										
70	77	11	6	49	14	79										
17	33	17	18	54	89	78										
86	55	85	17	32	82	54										
14	18	50	38	38	80	13										
9	26	5	10	12	37	92										
30	82	52	30	89	24	21										
76	51	16	30	56	24	60										
21	96	57	97	84	18	15										
38	85	77	99	29	50	65										
70	68	34	84	81	32	48										
33	80	47	3	2	17	32										
29	84	9	59	62	15	86										
91	58	72	78	25	36	52										
20	60	23	50	64	87	35										
37	89	25	11	10	71	41										
76	1	41	21	31	41	13										
56	36	76	68	78	77	56										
17	51	11	6	85	59	49										
87	15	15	15	71	19	22										
97	98	40	86	70	54	18										
21	43	40	68	52	44	39										
33	70	65	38	71	15	26										
13	99	2	37	99	91	75										
69	96	59	77	47	18	81										
20	76	11	41	80	43	58										
25	11	67	82	78	18	15										
12	60	58	91	16	73	14										
63	15	28	50	40	29	95										
11	28	71	98	76	5	11										
42	52	64	20	9	26	26										
70	78	96	74	53	26	82										
96	72	59	94	90	31	15										
15	23	74	83	37	94	44										
53	73	95	31	23	38	20										
60	98	63	32	34	40	91										
71	73	33	78	45	38	40										
17	30	42	97	16	45	41										
95	6	74	59	88	42	5										
39	34	55	84	15	6	49										
19	28	64	27	22	91	14										
85	55	33	56	53	37	38										
45	8	89	81	15	93	60										
35	53	73	17	44	33	54										
64	31	88	10	100	88	53										
87	88	45	34	89	2	67										
72	63	87	14	15	3	91										
64	26	96	44	61	95	88										
35	68	85	46	15	43	83										
96	32	1	49	62	43	57										
94	31	5	39	10	32	70										
68	41	42	90	13	42	26										
33	95	67	15	27	25	5										
29	41	22	35	15	76	39										
48	56	5	62	92	66	84										
1	40	100	85	96	13	74										
14	92	6	88	82	46	86										
37	87	90	48	44	19	74										
64	96	64	14	31	62	31										
32	3	89	43	88	31	22										
2	58	6	30	31	92	95										
5	99	13	71	22	86	35										
36	44	80	7	18	97	85										
36	44	35	13	64	45	14										
100	10	99	45	35	1	38										
49	32	99	89	55	87	49										
52	31	21	11	18	35	2										
19	92	17	76	63	68	42										
83	58	6	71	39	57	94										
96	20	71	50	33	13	69										
15	18	86	73	53	44	3										
44	75	23	1	8	25	47										
45	96	90	73	96	89	23										
3	55	13	49	47	37	71										
16	76	17	30	8	1	18										
29	86	67	75	99	8	26										
16	8	12	12	100	25	64										
54	54	51	54	95	63	75										
92	87	80	52	42	57	53										
70	90	99	21	46	7	30										
45	24	75	19	10	96	87										
46	96	81	5	76	14	27										
24	27	77	66	44	19	76										
90	78	26	93	94	27	13										
76	47	24	22	79	88	13										
97	32	30	42	84	80	55										
93	11	75	13	44	75	85										
77	40	51	23	36	57	3										
12	56	58	65	82	24	54										
70	87	27	78	42	76	84										
61	64	90	11	30	80	67										
9	70	71	8	16	42	97										
53	18	18	95	13	66	48										
69	76	50	38	5	60	57										
67	79	5	21	47	46	51										
35	62	30	74	24	8	61										
29	53	89	48	66	60	62										
36	80	67	26	73	86	9										
79	44	21	37	52	94	100										
66	18	71	92	27	72	34										
9	68	97	30	63	40	87										
61	21	71	3	3	40	50										
79	88	36	74	44	22	42										
24	1	21	69	99	62	39										
59	98	8	21	87	43	78										
93	100	3	23	26	98	39										
31	46	98	39	52	45	85										
93	76	7	66	49	72	85										
4	28	58	65	11	43	68										
5	26	26	70	98	76	62										
96	87	74	75	17	59	20										
76	99	44	98	18	40	65										
24	26	57	77	1	69	96										
98	69	3	5	53	21	1										
87	4	18	13	70	96	84										
90	23	57	79	30	90	8										
44	100	4	82	100	81	7										
65	96	40	86	78	42	83										
95	81	91	6	95	7	81										
90	73	29	1	32	1	89										
4	77	69	14	19	89	66										
48	99	100	3	55	57	32										
61	81	43	42	8	79	43										
71	26	46	36	90	49	21										
67	66	46	72	70	48	87										
50	95	37	50	80	17	15										
21	85	59	85	6	82	92										
29	77	57	45	7	89	32										
45	20	73	81	34	4	27										
57	95	43	10	83	18	16										
80	83	93	85	65	88	40										
96	48	72	40	15	29	14										
64	85	46	3	18	5	99										
67	55	99	17	82	14	62										
20	46	5	97	13	34	24										
75	29	78	78	23	86	75										
28	95	26	65	46	7	38										
13	46	94	91	39	75	12										
29	3	79	69	53	95	22										
64	95	29	64	13	97	14										
94	94	52	2	32	22	67										
69	30	11	47	43	50	79										
78	35	65	55	53	4	48										
37	63	19	80	99	77	60										
90	41	79	38	96	70	96										
11	84	29	66	81	37	18										
41	66	37	22	46	35	47										
43	63	59	27	95	92	59										
70	11	97	32	20	6	61										
78	95	29	79	14	18	70										
72	80	100	21	76	59	8										
14	62	5	30	74	74	46										
22	54	77	91	84	54	18										
13	63	11	77	56	12	94										
49	88	73	52	42	88	73										
20	100	62	31	84	54	13										
65	89	68	66	92	49	3										
4	65	37	34	70	88	21										
11	37	61	85	22	24	84										
88	43	67	7	48	53	44										
26	47	44	56	70	68	70										
88	78	74	31	96	52	86										
80	5	35	32	65	6	74										
63	95	55	10	49	70	37										
23	11	86	45	51	48	76										
97	17	75	49	92	43	55										
33	20	80	61	38	36	92										
49	94	95	29	5	82	28										
41	61	26	48	15	14	74										
19	1	47	13	67	36	64										
35	45	38	99	38	17	39										
98	30	68	26	23	33	61										
8	21	80	64	75	88	31										
69	58	49	80	66	94	61										
58	54	49	15	58	7	40										
21	16	7	83	3	5	57										
36	11	79	86	24	30	48										
37	17	81	18	33	96	52										
44	25	11	76	7	47	18										
91	58	97	75	91	69	81										
2	61	77	83	98	52	23										
27	63	48	8	56	44	54										
62	98	2	95	94	9	92										
81	28	38	74	46	19	88										
100	69	93	98	38	10	43										
61	15	28	42	87	76	67										
46	98	90	2	71	31	92										
10	100	27	58	46	2	40										
2	8	85	41	76	56	35										
62	83	12	95	38	90	67										
58	38	37	87	54	97	41										
15	80	34	11	6	89	82										
52	15	75	20	84	36	10										
55	34	16	73	69	83	43										
18	85	67	65	39	4	56										
7	51	85	41	6	2	57										
69	54	81	68	38	95	88										
15	84	84	25	97	97	41										
63	80	47	83	67	38	71										
29	32	84	30	44	19	79										
66	26	40	25	20	17	85										
85	43	2	70	57	58	34										
35	22	60	95	98	94	100										
95	40	58	40	78	44	67										
40	32	48	41	30	43	85										
45	60	66	45	56	35	28										
90	52	20	75	34	37	20										
25	7	10	8	19	23	54										
82	21	32	8	86	63	33										
85	88	87	36	8	85	69										
14	6	85	72	66	21	5										
59	8	7	68	30	3	35										
25	70	53	91	87	87	79										
43	78	60	50	12	76	61										
68	58	78	21	23	12	47										
44	32	35	57	50	48	90										
55	42	47	12	64	34	7										
99	14	48	16	71	54	51										
65	86	25	72	65	9	80										
82	68	10	18	16	25	48										
83	83	50	15	24	72	12										
84	61	21	96	13	90	48										
60	87	91	27	27	96	76										
56	46	18	55	14	15	17										
23	40	68	25	80	14	6										
47	62	18	91	20	53	89										
61	70	90	64	66	74	29										
86	60	21	18	48	91	62										
76	26	93	89	74	28	51										
28	37	100	75	97	30	65										
68	90	50	33	25	36	86										
51	12	10	15	46	23	89										
36	18	17	65	2	2	43										
46	29	37	26	29	28	68										
34	100	95	25	69	15	86										
17	85	88	81	64	91	21										
80	5	17	16	82	77	82										
24	79	30	13	26	18	14										
58	36	91	4	37	95	11										
61	79	99	12	64	21	22										
73	2	1	30	82	3	71										
46	28	98	20	14	38	55										
18	87	27	3	67	20	74										
30	27	23	85	82	61	9										
95	83	6	70	70	58	6										
78	15	8	27	56	52	88										
3	45	28	89	79	80	93										
57	49	21	31	68	2	60										
93	21	48	53	32	45	79										
70	57	23	80	51	7	52										
38	60	20	26	57	54	14										
35	17	72	8	17	68	92										
4	11	16	20	35	95	94										
48	75	36	10	30	25	36										
21	30	85	14	34	76	17										
23	81	34	8	61	56	25										
21	36	26	7	58	1	10										
5	76	73	77	39	33	91										
16	98	81	38	46	49	95										
3	79	36	69	73	81	94										
15	27	41	7	39	65	38										
83	5	91	14	76	45	2										
95	64	11	82	65	93	94										
83	80	79	99	21	36	76										
6	90	66	30	4	53	51										
22	16	20	5	11	41	72										
21	97	97	35	99	59	95										
67	13	92	9	59	42	16										
9	40	85	57	44	79	88										
87	67	60	65	19	66	78										
9	98	75	37	8	61	60										
28	34	56	11	11	92	92										
66	13	46	95	64	44	55										
65	53	61	17	20	64	50										
21	85	34	63	14	98	74										
63	53	60	47	92	15	18										
79	10	45	96	25	59	31										
44	44	15	45	75	66	97										
16	10	44	5	96	2	21										
76	56	86	51	38	82	86										
36	17	83	28	30	72	39										
2	85	90	26	32	21	27										
11	74	17	68	45	14	24										
53	13	98	17	35	74	19										
9	54	70	83	43	98	5										
66	51	76	56	1	29	53										
70	65	82	85	9	31	30										
67	45	82	4	6	38	67										
7	14	19	89	73	45	60										
46	22	5	43	41	45	49										
92	80	78	54	94	49	68										
31	28	63	90	44	32	20										
95	100	1	58	86	65	84										
94	93	98	72	79	17	42										
3	76	86	84	56	80	57										
81	28	21	36	46	15	38										
13	85	51	35	19	13	98										
37	64	8	52	77	75	17										
74	1	47	2	44	19	32										
91	50	80	40	26	93	76										
35	83	81	88	17	86	96										
3	13	64	51	78	65	93										
87	95	10	59	6	49	50										
86	22	87	16	43	47	99										
68	49	28	63	73	44	10										
45	5	96	40	35	38	56										
73	76	49	60	73	36	24										
14	7	53	35	39	34	84										
89	21	9	13	25	63	28										
9	93	25	73	95	61	93										
40	16	61	31	22	42	88										
40	15	63	47	9	8	43										
50	2	44	5	16	95	37										
30	58	90	96	11	23	79										
93	44	65	75	96	45	83										
93	65	4	83	71	68	46										
55	76	100	73	48	39	85										
52	8	6	93	57	7	75										
95	25	99	15	48	34	25										
90	96	68	23	9	44	88										
81	66	90	21	37	12	66										
64	16	96	60	26	4	27										
97	5	80	76	76	87	70										
5	40	27	28	20	97	35										
9	32	70	81	36	36	90										
34	19	49	100	63	91	23										
38	76	15	58	27	22	91										
62	28	86	17	5	68	90										
72	4	47	6	42	35	9										
92	39	92	66	4	60	50										
15	96	3	93	100	68	76										
19	57	31	100	62	30	48										
45	95	75	11	100	46	4										
63	43	37	88	19	92	13										
5	54	92	31	12	5	17										
76	83	23	85	60	18	19										
45	85	62	2	77	7	92										
82	68	50	71	65	4	85										
89	87	2	38	51	63	15										
17	57	91	60	5	48	29										
52	15	31	26	94	41	80										
25	66	24	56	100	5	66										
9	72	65	89	41	35	75										
82	42	5	61	16	71	34										
16	98	45	91	68	9	36										
2	52	84	91	54	51	29										
58	44	53	5	79	14	27										
28	45	65	41	17	54	92										
43	36	26	15	67	36	58										
73	96	9	23	100	3	13										
29	92	73	11	47	48	3										
79	18	66	48	59	27	93										
58	28	65	28	35	49	25										
51	45	4	90	49	59	95										
86	6	55	69	66	100	52										
13	21	51	4	6	53	10										
51	73	10	88	54	60	1										
18	67	51	65	65	64	85										
99	57	10	19	37	5	66										
45	71	62	86	93	34	61										
31	96	92	89	70	26	81										
39	4	97	32	71	82	57										
79	91	55	63	89	9	30										
98	28	65	4	70	100	80										
26	81	70	60	70	65	26										
41	90	25	34	27	82	38										
39	69	77	56	63	47	49										
89	60	95	64	4	12	36										
75	65	63	96	6	96	80										
54	3	88	4	97	39	18										
83	49	26	98	43	7	22										
88	83	69	18	46	84	1										
51	29	23	11	96	24	93										
89	58	63	16	64	14	45										
79	1	11	3	1	91	36										
78	64	65	99	47	37	5										
56	15	50	27	19	88	70										
61	63	29	82	65	2	39										
100	7	65	82	14	66	73										
31	68	65	72	82	84	75										
62	52	10	1	69	55	49										
98	24	5	99	97	46	13										
74	79	80	26	64	12	85										
76	47	4	62	7	86	40										
19	67	95	18	35	30	25										
51	29	83	36	74	7	74										
44	39	89	7	74	49	31										
23	42	60	98	56	31	66										
20	98	75	41	79	14	46										
17	50	8	74	8	86	74										
22	29	85	43	34	9	21										
32	8	90	30	80	42	40										
98	24	20	3	69	18	55										
40	97	24	56	15	30	11										
57	56	19	97	29	23	2										
14	84	89	56	46	41	94										
57	4	15	10	98	12	100										
48	90	20	9	27	22	43										
25	6	43	53	55	4	24										
71	30	51	55	28	31	60										
77	16	45	53	92	35	15										
70	29	16	96	21	91	53										
83	76	20	9	66	66	72										
65	39	26	79	37	34	77										
47	83	36	95	1	18	60										
16	29	92	61	71	58	25										
98	24	80	2	22	36	45										
19	98	65	1	8	38	52										
36	94	97	81	14	52	43										
72	71	13	5	92	35	16										
82	93	75	40	17	86	34										
5	59	73	75	39	91	55										
54	22	50	87	27	81	60										
40	75	33	6	43	61	100										
54	48	75	99	23	68	58										
69	52	50	63	99	30	45										
62	92	83	57	57	37	7										
60	24	35	44	3	73	45										
84	27	80	72	90	32	80										
41	93	90	37	18	27	17										
61	6	8	73	1	83	26										
35	67	54	19	94	77	49										
16	44	87	92	66	16	2										
70	26	59	2	74	83	69										
34	56	45	3	30	13	32										
75	51	84	20	20	70	70										
67	3	9	92	30	31	89										
57	67	22	77	57	66	18										
87	88	54	16	38	30	65										
67	67	23	100	17	5	60										
18	68	84	85	69	14	49										
19	79	48	43	46	83	92										
10	86	80	45	10	18	94										
11	4	39	53	41	82	49										
57	22	44	31	13	45	85										
25	93	88	74	32	77	24										
67	3	79	92	63	67	33										
5	54	88	46	88	21	83										
