71.44275292979424 26.246954105588003
77.01729733243909 29.743166955743433
15.418785101490489 15.760357198577276
65.99957643673609 22.30791772436804
76.71538237383287 21.82285115756174
82.62869912235386 26.22183938299581
68.22911293797732 20.544920251285994
86.26446227633669 83.78504175419778
43.992156286701636 59.32833786739117
15.87104891786456 73.26595623169794
84.73372211067834 85.54844733569539
22.028036148342135 70.49671049513623
91.53175317471324 78.33239771023993
84.58015060166974 85.38245490011047
85.23260563508518 84.5321262739717
6.891041038145996 7.120772230119627
69.66049266454573 25.37622613958004
16.517324922832362 77.55439666975347
78.54022799184915 29.86319475901908
85.254483337956 84.27064118171552
6.135150392670152 6.054505503097616
58.81356366975332 43.35105668555639
81.67707377661124 28.646995726973728
92.33934083637183 78.64319176118893
12.334539232479278 12.60260983179325
24.078846989995466 23.507324086140144
18.356107724900028 73.97365234829269
27.060498113952608 72.62112443423413
54.46654249896145 41.018790577303875
45.98074643197515 46.83339515775631
28.380568108998077 78.37877124664614
82.50101096685493 87.39564938621582
20.946332958771244 78.50732532566636
85.7481678003761 84.43262334720465
10.985325931963867 10.575269027512538
21.37715293667859 78.55742032732583
18.394499948856065 82.88799982110176
83.53812536356587 25.02767256621505
83.9531605529034 86.78691572926688
88.64644861337655 81.4181089765355
74.90584975326117 22.71784218808608
52.879494836852764 43.17944350114647
16.55926080178299 16.270448126821968
65.50056745361502 23.934585819265486
24.13944235462298 23.639051249888208
71.66998172762848 30.432702163280545
86.740178251995 82.87728607517205
86.16405592552354 83.67523163982062
85.09092464301872 84.55532469016768
82.38683410754089 87.12882671053667
21.39796057078452 20.431135275495098
14.616186636641697 15.364854702746829
90.89333897274742 79.29956587074102
18.12924824733849 77.3993910087975
14.424589350900522 14.641996614907647
76.11501396421974 26.40649732631294
84.79646392933952 24.70125377699247
75.11406763803852 32.40669039107759
78.95766895463132 24.41123997409028
12.96089479730805 12.532955452644902
12.302427120792512 12.352492721072306
34.39552551879936 70.24188213891199
23.754460156969163 84.53341376932114
47.231830338835586 58.69316550721245
34.448541653202724 73.0527897164099
20.24392470995767 66.17269284395778
25.06128086996253 70.30822815774725
81.25073657581191 27.170178679304502
83.63507738711724 17.360224194048833
90.35189737029008 79.97719757673313
80.5518841559641 89.55817596195365
22.872686905950772 78.52006838569129
9.757043138453914 9.496997987917243
22.36966207665408 82.08647013781085
28.433904035498585 78.57844486166509
58.37379452049866 59.49472135435528
42.337206461328535 46.520004457487886
81.89356363600797 87.9441804316128
86.72364488886112 83.03801584248323
19.801380447327055 19.67639149537027
72.0165526810561 28.22988798723823
81.13717884027061 25.002714179022025
54.19654933632468 47.9909317827101
86.90439753875528 83.71237889091319
73.42698363122832 17.064675123617448
34.93085617909213 79.81141028701313
28.385360717950967 69.72123055752586
88.81018879253033 81.20624484667387
89.21700292731438 80.87731514973976
58.57487859638967 53.35465118703766
34.75810029373395 77.83523677294212
22.14780149813609 83.37750970823711
86.04420419012007 84.67363890896561
40.94384115889219 46.56138481143628
73.80275066767221 32.8270475048341
18.043627677526732 79.04941867112319
81.11284130323057 88.42925898777091
13.981762932438695 14.185951542328509
11.449513857342831 12.382500542379955
70.5786081223983 24.941711608243953
66.72625239379919 23.730295545641557
22.584303810952502 21.664811997281628
45.05987543879255 59.530766967654245
40.43645606773977 58.124832106851876
81.07718122093655 22.810722102929155
90.55228475700318 79.71658786887791
26.69309512234015 25.92320739944653
75.81557927417391 22.01211928675999
32.701426554649785 79.259066041883
34.197338068233876 79.2957692189079
22.79685311721542 67.86474171322189
79.59747066999269 25.54396794170597
9.452550764522979 9.808346652622191
11.333945416889009 10.212332395713767
24.322081802344897 24.151807570942914
70.62158195138264 20.63791526231232
25.01115294995484 79.14688937532455
15.058974985237278 14.871946959859773
76.78486612499557 92.21790632107869
19.093098371892157 81.52106528375496
51.42561423381076 56.65397372009596
23.480118039271204 70.14748931074996
15.315899079199495 15.702082891815953
20.981969943873615 84.96207772152476
11.93005116037983 11.831222492200624
80.21661974805518 88.8422972300217
57.69325508010599 43.93201007415909
8.42410975194174 8.978380621718191
72.5706593362108 18.46504318864896
80.83051418383539 89.18330825932341
88.9908646402363 81.05829203706809
50.55119854796214 43.02679756288316
28.913146488308314 75.20429365763059
10.66531263781398 10.804907364696355
79.49066540813637 89.69113109617679
81.90032491706367 87.94200452876923
86.79345415322986 83.83234505695107
88.59201826165979 82.09864027621266
71.29808474111428 18.54164313819875
85.63507483582804 84.49774949500059
21.809822649095622 69.21736724082045
83.3844357492725 86.56040280246901
16.615901632488104 16.643059831432897
15.80394740347597 15.83564228448444
18.383252736867014 18.49647907133694
13.165443892413373 13.064320338492145
84.54492849595451 85.79004269942345
59.373089391537235 51.815405952899155
26.71598085230196 69.69595970269897
22.779354104540534 83.22530409081
54.89165480497432 45.0134390105861
58.48744047059599 46.362798076371334
53.12398645940141 55.69882643074494
78.17755559361105 30.36479235467611
65.63993869732546 20.89452218910587
9.325344334287804 9.63062638779456
83.66246232443352 86.46209551512202
22.163633273592335 21.48470946245953
9.080992619761385 9.653958785596242
53.37843876921156 50.53433454789733
84.20037587979469 27.36381351657247
81.17121850097188 88.5837301677204
22.451595278457916 22.11736959785883
55.485347243468375 53.424724081010126
90.67158943843754 79.59548209220938
81.1895967425268 88.8493751218372
66.97182651814063 22.434282619200864
53.249992122439465 52.10693225026765
11.82558777152581 11.695871431508674
8.977792910875095 10.083601884460386
31.895853359154668 72.48247721446654
82.1406359999295 87.91804400358951
41.783004365204334 50.1781985425837
22.48317632736873 69.3245389080016
80.83789773937369 89.00272740832382
82.29107683627396 87.37539857368954
33.69126169409985 74.19051121971391
43.24848489999727 52.781645592868344
58.909596768798046 43.57665793149696
18.614273013130013 18.818263359517527
26.756602094709244 73.26528870971325
81.69315079710489 88.13175751620788
80.74811655699422 88.33721142414342
82.52793699216151 87.36744897649601
84.79651400014274 84.70478019043266
21.328746893092628 77.41020666477897
78.45944296259047 91.49410649059503
75.44075812180805 32.48300683870462
72.75435270640514 23.046090768892295
12.196695224072696 11.943605411083094
44.27022644753647 56.778362303664366
52.21645672365827 46.56620582441397
87.94759208934457 81.95127709356825
74.18852583087904 20.836132277554942
19.248628528457033 72.76395366591362
81.91416348943325 88.40141265181583
19.786551297739372 19.824207504322814
22.705057682634653 80.55784756715929
17.673383333270305 17.257459817436338
43.543231581497196 43.86560583899618
17.04654510763615 67.8591742457077
53.744734693205885 59.83480395814723
40.010205727822125 55.8588425442587
6.5468867655735465 6.87474460393863
83.95208098370958 86.23459776101834
85.41747468656541 85.07808773942493
72.68063745910152 30.853073881553037
58.46174324702725 41.22142353573274
13.178185496127718 13.473583569603319
25.99545645906009 74.97577035744641
11.52784756312575 11.517468499457049
11.962340876378397 11.771016775058378
11.095419080775123 12.155826044764996
34.17092846009933 76.14437776610929
82.48707021524504 25.508633766651496
84.81252238033588 20.7822485032072
17.605291619431593 73.48321472610493
59.83217054207816 40.05774574173194
13.807520323202418 13.768511992705886
8.012076140475687 7.9464167318582035
18.309334597352237 77.73906497665642
57.38404600919027 47.58984944184169
33.38137646878762 71.35034899406477
78.63335472711078 90.88894830757914
32.81135322712423 84.4444109578598
12.72090772340494 12.192708063973898
21.45529132509793 70.74601961907086
75.13118967917005 27.842052897241736
16.636053668802024 15.636467681456683
90.21517739275653 80.62747899010066
87.00817829175087 82.82086903850505
6.634407909253236 7.548869923031482
12.915463894475092 12.779190266687163
11.027195466401727 11.313435871494956
67.55390846726745 22.59102579210226
84.06141510068673 17.879595373445355
11.394445310965432 11.851017166070404
30.265616051117785 83.1054845533024
73.2588458412671 18.03276763692722
42.93907065231322 40.188135486200935
45.912093344078016 51.2499747765833
26.743808812862667 80.784681448792
50.24628079667804 56.93558842029891
83.01064468455384 86.52290510527858
26.933990141677917 71.6892171006154
7.130711287995327 8.415497313789528
24.90836321970322 23.803400967651957
56.06766713915479 46.96074337239924
82.17835558176058 87.9803439945929
45.177375624977614 43.62192142531817
87.14874995364428 82.64566306224678
54.36469604873023 52.84961473710875
18.871383954546044 18.7703332073941
14.82892766997286 15.777801002965468
80.15706814064534 88.94937011835925
76.26270831778326 23.564203778664183
85.09273149077485 85.22946887662306
82.8544632827517 87.0467892541687
84.38852082790848 85.47647634110203
49.3876495753244 48.21648975600806
91.89030632325 78.03442128256842
21.596108824260675 83.0483285260134
53.25679084204782 52.997135201050874
70.1959759197331 34.572277550882234
83.93086511142445 24.503386704262233
83.97049034718565 86.38286189448
23.246697746291566 22.60218013086197
40.324535435943574 49.236055701410095
31.6959976306578 81.58310684987663
53.67009361326714 58.46564410157504
41.831775188187535 49.67925619530752
56.418669335978024 55.02458277079211
86.9099737876271 82.85052712803345
17.294001893938294 17.473199854724868
87.64524382469406 82.30583679666006
29.5164184271138 66.21618316513064
55.14958362547067 59.96233607657291
83.49272377316251 86.10868699169983
18.661213398006954 82.21853226902358
71.24843783600197 15.634841495784396
84.20173445207152 15.046733805705374
82.02041432076845 26.182242403485812
44.29667001386142 45.34542252302068
65.40695677502913 31.324085114896977
31.552159404342717 81.01759395781157
34.347263217054845 76.64409956149005
15.279623746697641 14.924786052879348
86.44185922996166 83.66536633548401
22.133706860985264 21.671050920840173
25.415628222360905 79.15284680439902
84.39714566311304 85.27929563932885
76.73558935408606 28.838647579221952
22.17366954447137 81.7983791137911
71.30615501296856 28.903417592674288
53.89689552211778 41.92757100348996
83.23493434669594 86.3983011986492
65.45436335394974 21.887608471476234
26.005764068804233 83.66185269764696
25.69744366057138 65.80521890598797
67.60346568650084 23.051042968751027
65.92885066638702 25.22736216729784
85.64800686784672 84.72124136004031
86.21400800125092 83.64070046691937
30.94176392862986 83.17447127796606
18.601980302019992 18.47063206078533
46.511608294358936 50.622846158559256
12.608595028062648 12.027640976450405
44.119270522308376 40.25516559951453
17.613137392023454 81.92589200868679
16.81274892629299 79.15787285603349
17.851468977662734 16.91584157147973
65.76028097357516 25.063607678822358
89.08608011443792 81.08258583569052
10.435798496480892 10.153799249162466
32.54327489722982 73.22794078811238
15.09930260783168 15.124363905667948
45.528801895887945 58.886418492589215
22.317782054970902 22.10963835171624
81.35417989197282 87.90582327091862
59.30005168351735 58.12652228246327
46.54489446446728 45.31591522163159
15.010552955042332 84.97803945078999
94.32105611217801 76.00967723138172
88.34386119103466 81.89480876288751
20.972286453399654 75.77908921707187
17.323603551223165 17.052092779531268
47.573670206177226 42.32003971015716
45.850031131801224 54.37335781442777
33.89837066963317 83.8210774392202
80.64723821415294 88.58564235392933
68.30412027206101 28.594227503453403
21.63044684301809 76.94173379727418
12.803394372599346 13.942179776535468
45.91825664970232 55.60588944427403
17.187607142974453 16.248901432316487
21.805412270317355 79.70454998206833
55.77810073316272 54.99564830338662
57.420377732260704 53.28240689197175
90.67794449358017 79.8321932377968
58.61023527260957 59.16361894630761
71.91913868975644 28.193652113823926
83.5547524868844 85.90043927201256
86.64751464585052 83.2336967943127
44.7956923018025 48.1298977288841
69.8375649156742 18.427374060831283
55.43777268742902 59.142572585675424
11.552915415675074 12.133873163467957
66.26288834586722 17.47595076053765
85.82471996880008 84.28665945069707
79.3535811136281 90.14050476785496
58.15302556461574 59.124933917006665
83.07410754023073 25.682981610603036
22.815984141158793 66.6675883619215
20.251491141431245 66.8103106674873
16.315605531414835 15.05849985466257
14.870052906229255 15.142226271838847
54.072819103599116 42.75193128652432
16.742310364401444 16.94879420967417
67.96859470963778 23.883833647331127
84.32492577107928 15.88234120398601
55.34583179179862 55.32339531971937
85.60222871307545 83.99689938042762
22.632050163574682 22.84750287362111
83.16697725112003 23.446873204682063
17.490717913494805 17.182647966299683
49.13124728171085 51.34767912920233
70.83817488764599 17.209343012016696
84.26159210729192 85.66428820289134
2.4451061771524927 2.434314935029658
58.354565561770954 40.931801614058564
87.6950491304537 82.14160275065942
13.814811369748218 13.94755392318146
100.33179324501371 70.79871127524147
82.37829041690529 87.73884304907462
22.43883192176361 21.384763283617627
77.97236156469015 25.999991673668507
85.68748723093856 84.13692138278758
81.82739420359741 22.56394346774887
45.98141427153932 51.52601542395154
87.16036712833127 83.76348677672551
83.3148540481777 24.940208280607543
10.84791350375719 11.515448175602497
79.38923132777457 15.638178266181235
59.72014758824659 46.020611772129676
70.53710923899648 23.405470809919183
15.401694171651169 15.321943314302082
56.58284148028201 44.9411810439263
87.77153581516481 81.9055288865957
84.56193553309703 17.592887409610338
5.6869737546665515 6.516778178939049
25.063986164673498 77.58396137653341
69.58772242880963 30.74655294432623
86.41224110372623 83.90470242268512
16.71661898344846 16.33061392702455
82.89755898384048 86.79280519466039
82.16983255679033 87.4839907850399
85.4004274210475 84.79558721558301
54.40940794843467 50.644223462780715
40.215833753953135 55.94154944397117
14.748936147022158 14.425224410282906
54.659904587634244 56.5036729696219
81.40918990797458 88.4497077278971
41.49440131524371 45.37874166694017
17.655022041337283 17.75343135273924
57.96462549983917 58.36943283205606
56.07578238346786 57.25032035568078
82.22216627324862 27.991962792709014
82.34567762713941 87.23690729310367
13.754021342031677 14.380290738278193
14.319686998068644 14.088666926731507
31.885559431326037 69.10074851205698
53.10893685089989 59.63519797771364
89.34605668523362 81.43408159305932
57.33304199686169 54.91840343899955
17.136347734287998 73.10338599217913
58.88937626387204 52.80995113532745
20.316692840984608 71.27785368098134
22.186139106861837 83.48526723872956
84.74227108027195 85.38977970458798
16.057647653935753 15.721527107779727
81.70069635924143 28.116763844619584
14.738475767928561 13.879596538209595
81.23249961634386 18.499286035386724
12.779031112742329 13.631756773629698
18.96207177625547 76.32725083932868
71.18717903253706 29.904214536727345
26.657729404600005 75.75290055038893
33.32763921020161 82.02354037776364
29.118901353206375 65.52823656475348
48.48102331124285 54.93065668962945
83.12523425480367 87.13042307233297
9.173093090908138 10.111607882502796
24.896581988927647 74.23090769731844
43.971654896444605 51.10746470981308
84.22247298697842 85.68736747946421
75.6670832035577 19.410947458104694
10.785215686368035 11.664051460989267
84.94598320861897 29.058717853153347
23.525184159923214 76.25962648436168
53.24440029932234 44.463003440043416
81.7628060884134 87.24735754246974
34.21203476198343 84.42134403294546
81.93369953832064 87.51650249619375
82.47869055411924 21.160259265791762
48.61953694330194 50.57784168580871
11.569916828657304 11.876461223191214
19.76254450686547 75.02407652358067
20.357562707703856 20.45594637770152
83.31328098324403 86.47697977165772
73.04216480198572 32.909351035382514
45.7600569667417 56.49960109504356
12.685105413291847 12.461313222400342
7.14571945562855 7.665761367527264
17.968332900381675 18.599006823845162
78.20383101582838 24.432419466601978
58.97284916997745 46.70698470015079
30.984047641704368 70.15749453030539
33.15686348691793 72.0801292049465
27.674110964646776 78.21032417360257
81.01751686964307 88.51659950186549
75.32263642479711 24.60328270093479
41.964900841255876 42.00316560754654
12.959127121901258 13.279686777416932
82.9146046493981 87.11327124253525
82.42877846613766 18.73990405448072
57.38807321668308 40.35362497776464
87.20183363497107 82.85181944141405
84.94864717504184 85.37101799024728
69.87081506916124 29.324781714706447
85.69645148723701 85.06166096283826
14.388639970612177 14.781266687850165
27.527628729915506 73.6517761867311
40.81121483745393 58.7736748601438
70.48475288561794 28.533915875624164
40.406576549818965 55.39061751252544
53.18020347446985 51.83740115033469
28.61324957469823 67.4699738387154
83.98373039003421 85.48336205283087
86.4083200532057 83.82948849554458
87.76608700331275 82.30811569125233
84.47724150542298 21.359889482429676
84.789191366208 85.0871884778626
84.31045902605254 85.57592063453376
15.634811331789756 15.185135520617031
66.24389108246879 32.47421245323858
74.84271117144304 32.945386960887866
77.94576030513257 91.26767264893405
85.8358874738252 84.35124004335233
5.975518678621954 7.25390411998703
26.65412138176756 67.3970983472911
78.10355567172415 23.008854486412393
29.00581869660263 84.88707527653429
26.020248053947217 75.09148553411757
59.88636497498236 46.548752335146716
59.54922360975314 47.3486917500192
84.29673921887228 85.58656774871721
81.89635946519502 88.08413456502642
81.87732487832662 22.961519483808644
83.17709918912925 86.45939603841867
17.923999860093186 17.83998270920826
90.43047153488097 80.48985088711882
27.878731107923876 79.89346535100766
40.61943635374287 41.43264804623853
80.53002650607075 32.87523768565712
78.78673338918914 34.26125657777668
15.772664182941847 65.70853579367694
26.780967768460453 84.79267726018725
50.137538885324204 53.32742380887273
17.257196766556763 17.217055264491364
15.895441240930321 15.825151795968097
22.45954333179685 70.66378644897068
78.96145963167429 91.35782950864177
70.54629001121117 21.33123865302964
47.77138866085403 50.4765799568528
81.75855880810212 88.02668944864165
41.215525121010955 58.29837381979435
22.503229261895946 66.6493345804721
68.44757507950024 17.20631406432655
51.35827723356017 46.272340849586016
34.23295923791381 65.61470211729335
67.00330960596375 27.184694311751443
58.810834419173126 47.47804732242471
52.54080283480171 50.96523116837493
83.1807612733531 29.428955302728923
93.5457524511114 77.03539674384577
59.91794607671904 40.07032496357006
7.823238156330944 7.789052386380019
68.70262840992356 29.55890972546314
14.2207018734553 13.75596808305283
71.36342151352108 24.684210476768047
30.38060860654502 76.87532207958847
56.80338182062435 44.25124329251332
49.67254277758885 45.40513552720047
76.97073958818854 24.306209099295614
56.22587507107231 44.785517078480495
16.46230622221374 16.700237799264706
75.8496923332752 33.589552678621374
78.31227596105924 18.986951741860352
20.530324352377743 20.097743003230146
10.204121745932724 10.264251764830796
46.152481204807046 49.984397966703895
33.587679411411585 78.53847997717313
89.35268099556265 81.7260696772593
90.68020834324429 79.86057812119931
59.42444627429201 49.32824990139048
84.59383824309026 22.896892536098594
31.25715809372238 68.23077775662341
65.4395207657277 29.403721480636758
25.165138648815173 24.471495407342122
13.058698790133692 13.894454225910353
21.611088119075358 21.39189836049921
65.81648171614802 27.73935918814381
52.94354711061832 44.87942952280655
68.44069086310901 29.2313990019233
27.8493083455436 80.03170807738651
57.091532478496184 58.761117308966135
65.82210387757782 23.070974340024563
69.97441282374393 27.80863566562266
30.869723105672378 77.24610731991817
65.43622067027695 15.575924738801199
19.647922910889903 69.28943673338159
18.16871354876311 17.553604989472575
44.25910723772856 41.44310574932547
81.07898629027223 22.375558519780665
53.29924846713139 45.33238140117574
27.65390609341891 65.24343542527741
23.50338054259651 75.77116648683894
21.618775937389735 21.063272605615417
43.14566601918202 45.53865374437602
91.3004888408857 79.10576386759537
84.51546564936582 85.3612604993049
9.17188620871124 10.249237551510042
47.651246498402955 43.42524921665556
81.85454877242726 88.3005731057963
85.44600138702148 84.45523955425995
67.97012106987813 34.621629160949155
75.09297095826946 32.0340084418188
85.39735954991905 85.05159802022541
21.76448029404978 20.982387348970367
87.24282652218163 82.59016745743992
10.216075692190357 11.442799476632958
82.65276773543167 21.318898754318173
69.49669579924003 19.48327244421678
69.60835622470339 19.643626929120416
13.107664360917948 13.717807492684695
25.2933383944398 83.53024118771567
49.915356020178216 48.2706933356476
15.150573925372104 65.36103245902474
9.317772896580548 9.92820670732625
51.51501208393954 55.97606444976503
29.893503121096458 73.69441998956596
20.39578369027941 20.32860303691076
74.9313609185389 29.362908451243644
83.71072285692676 86.30929927540511
78.73323422955309 19.968380746322133
16.338254232880484 16.300329484991973
56.53176232825499 46.33982048913073
86.05649990889239 84.16196686849813
81.04775506303332 15.796814230927978
21.620717544630395 21.127691774170813
48.67838904653301 45.80626473137046
32.995287159032145 68.10845784869775
69.83199972391138 34.426235141492015
27.00600796693095 68.20161091528752
34.970499529343165 76.41697356445572
18.722004853454216 18.963826411524423
91.38727239809856 78.85463623367055
10.382861871298797 10.155995487814783
32.263454544264036 84.82228474673241
77.99263421981381 32.76323358928195
70.38240513657922 23.524428512027455
74.1375789701975 31.725265933709643
32.642136292312074 68.2471474072039
57.79194654902359 56.07794534352709
75.70218476384773 24.76315483909559
69.55128845119481 33.64447106102577
17.918457393247465 77.89449955106319
33.34746050408514 70.64431188460368
34.13174908457452 72.68768040179671
85.32457587072325 84.6332580280814
17.43484056188079 74.15014575832254
86.56403474928094 83.61926857748303
58.109183086012564 40.20261907993549
9.740006805659924 10.495349125752309
12.036312800160832 11.89343834831421
24.48651401764173 70.72926855255737
16.397015594791434 81.25405324241738
87.50687225216627 82.65836487769266
84.39801380503236 85.46968255531962
34.53116336896551 84.24740608283183
49.809585921505686 50.21505865011737
31.93380895900529 68.17023879717952
92.29371467765456 78.92745540943993
45.132077941701354 41.04530781352881
83.67854958457123 86.94515319967644
51.605663971494266 51.62559231554302
87.8543413518588 82.25361696544314
46.608682045347656 47.894219861504965
85.63989721137656 83.93622826654338
45.13643176918484 50.561177698738206
27.89373859783096 65.62834698002086
84.56714089155301 84.94617180957219
65.58381397277749 28.938862863190792
85.22871899822985 84.48476423473339
66.77979716775853 19.651133313263024
65.00691760058199 16.921454044632664
88.15345201380845 82.14763037798058
19.15314372081105 77.7890015893803
81.12693763409844 88.82395877919132
66.63161513008211 26.07462787991514
54.24015715393901 55.996574343725605
42.0768190939629 57.446750354960244
15.551549257638074 14.804003515639277
84.65949944504801 85.58640028067744
82.07324692640256 88.33642279346458
90.8606894136263 79.46996312403115
86.33418215874056 83.72678433526737
26.246798154213995 83.60153515383348
16.269878589429084 74.95942874728476
76.22922611002964 16.279083329936725
84.33460428508165 85.91432377738593
65.69411549186003 20.365918502978673
9.867267836325448 10.095941264401764
22.46149201194939 22.712278147043236
96.9241909112257 74.48406238093044
94.79306843484687 76.23625120888299
45.22202188343134 57.92858643614524
44.04912478366264 56.11906802780365
85.05366139332952 85.54634262827918
42.94025523456662 46.81025743318994
68.3673498488685 20.30568485138791
90.61458413698084 79.66935904059716
