7500   10000 2000 9000 900  1000 100 150
7500   10000 2000 9000 900    
7500   10000 2000 9000 900  190680  
7500   10000 2000 9000 900  123910  
7500   10000 2000 9000 900  314590  
7500   10000 2000 8900 890    
7500   10000 2000 8900 890    
7500   9900 1980 8900 890    
7500   9900 1980 8900 890    
7500   9900 1980 8900 890    
7500   9900 1980 8900 890    
7500   9900 1980 8900 890    
7500   9900 1980 8900 890    
7500   9900 1980 8900 890    
7500   9800 1960 8900 890    
7400   9800 1960 8900 890    
7400   9800 1960 8900 890    
7400   9800 1960 8900 890    
7400   9800 1960 8900 890    
7400   9800 1960 8800 880    
7400   9800 1960 8800 880    
7400   9800 1960 8800 880    
7400   9800 1960 8800 880    
7400   9800 1960 8800 880    
7400   9800 1960 8800 880    
7400   9800 1960 8800 880    
7300   9800 1960 8700 870    
7300   9800 1960 8700 870    
7300   9800 1960 8700 870    
7300   9700 1940 8700 870    
7300   9700 1940 8700 870    
7300   9700 1940 8700 870    
7300   9700 1940 8700 870    
7300   9700 1940 8700 870    
7200   9700 1940 8600 860    
7200   9700 1940 8600 860    
7200   9700 1940 8600 860    
7200   9700 1940 8600 860    
7200   9700 1940 8600 860    
7200   9600 1920 8600 860    
7200   9600 1920 8600 860    
7200   9600 1920 8600 860    
7200   9600 1920 8600 860    
7200   9600 1920 8600 860    
7200   9600 1920 8600 860    
7200   9600 1920 8600 860    
7200   9600 1920 8600 860    
7200   9600 1920 8600 860    
7100   9600 1920 8600 860    
7100   9600 1920 8500 850    
7100   9600 1920 8500 850    
7100   9600 1920 8500 850    
7100   9500 1900 8500 850    
7100   9500 1900 8500 850    
7100   9500 1900 8500 850    
7100   9500 1900 8500 850    
7100   9500 1900 8500 850    
7000   9500 1900 8400 840    
7000   9500 1900 8400 840    
7000   9500 1900 8400 840    
7000   9400 1880 8400 840    
7000   9400 1880 8400 840    
7000   9400 1880 8400 840    
7000   9400 1880 8400 840    
7000   9400 1880 8400 840    
7000   9400 1880 8400 840    
7000   9400 1880 8400 840    
7000   9400 1880 8400 840    
7000   9400 1880 8300 830    
7000   9300 1860 8300 830    
7000   9300 1860 8300 830    
6900   9300 1860 8300 830    
6900   9300 1860 8300 830    
6900   9300 1860 8300 830    
6900   9300 1860 8300 830    
6800   9300 1860 8200 820    
6800   9300 1860 8200 820    
6800   9300 1860 8200 820    
6800   9300 1860 8200 820    
6800   9300 1860 8200 820    
6800   9200 1840 8200 820    
6800   9200 1840 8200 820    
6800   9200 1840 8100 810    
6800   9200 1840 8100 810    
6800   9200 1840 8100 810    
6700   9200 1840 8100 810    
6700   9200 1840 8100 810    
6700   9200 1840 8100 810    
6700   9100 1820 8100 810    
6700   9100 1820 8100 810    
6700   9100 1820 8100 810    
6700   9100 1820 8100 810    
6700   9100 1820 8000 800    
6700   9100 1820 8000 800    
6700   9100 1820 8000 800    
6700   9100 1820 8000 800    
6700   9000 1800 8000 800    
6700   9000 1800 8000 800    
6600   9000 1800 8000 800    
6600   9000 1800 8000 800    
6600     8000 800    
6600     8000 800    
6600     8000 800    
6600     8000 800    
6600     8000 800    
6500     7900 790    
6500     7900 790    
6500     7900 790    
6500     7900 790    
6500     7900 790    
6500     7900 790    
6500     7900 790    
6500     7900 790    
6500     7900 790    
6500     7900 790    
6500     7900 790    
6500     7900 790    
6500     7900 790    
6500     7900 790    
6500     7800 780    
6500     7800 780    
6400     7800 780    
6400     7800 780    
6400     7800 780    
6400     7800 780    
6400     7800 780    
6400     7800 780    
6400     7700 770    
6400     7700 770    
6400     7700 770    
6400     7700 770    
6400     7700 770    
6300     7700 770    
6300     7700 770    
6300     7600 760    
6300     7600 760    
6300     7600 760    
6300     7600 760    
6300     7600 760    
6200     7600 760    
6200     7600 760    
6200     7600 760    
6200     7600 760    
6200     7600 760    
6200     7600 760    
6200     7600 760    
6200     7600 760    
6200     7600 760    
6200     7600 760    
6200     7500 750    
6200          
6200          
6200          
6100          
6100          
6100          
6100          
6100          
6100          
6100          
6100          
6100          
6100          
6100          
6000          
6000          
6000          
6000          
6000          
6000          
6000          
6000          
5900          
5900          
5900          
5800          
5800          
5800          
5800          
5800          
5800          
5800          
5800          
5800          
5800          
5800          
5700          
5700          
5700          
5700          
5700          
5700          
5700          
5700          
5700          
5700          
5700          
5700          
5600          
5600          
5600          
5600          
5600          
5600          
5600          
5600          
5600          
5600          
5600          
5600          
5600          
5500          
5500          
5500          
5500          
5500          
5500          
5500          
5500          
5500          
5400          
5400          
5400          
5400          
5400          
5400          
5400          
5400          
5400          
5400          
5300          
5300          
5300          
5300          
5300          
5300          
5200          
5200          
5200          
5200          
5200          
5200          
5200          
5200          
5200          
5200          
5200          
5100          
5100          
5100          
5100          
5100          
5100          
5100          
5100          
5100          
5100          
5000          
5000          
5000          
5000          
5000          
5000          
4900          
4900          
4900          
4900          
4900          
4900          
4900          
4900          
4900          
4900          
4800          
4800          
4800          
4800          
4800          
4800          
4800          
4800          
4800          
4800          
4800          
4800          
4800          
4800          
4800          
4700          
4700          
4700          
4700          
4700          
4700          
4700          
4700          
4700          
4700          
4700          
4700          
4700          
4600          
4600          
4600          
4600          
4600          
4500          
4500          
4500          
4500          
4500          
4500          
4500          
4500          
4500          
4500          
4400          
4400          
4400          
4400          
4400          
4400          
4400          
4400          
4400          
4400          
4400          
4400          
4400          
4400          
4400          
4300          
4300          
4300          
4300          
4300          
4300          
4200          
4200          
4200          
4200          
4100          
4100          
4100          
4100          
4100          
4100          
4100          
4100          
4000          
4000          
4000          
4000          
4000          
4000          
4000          
4000          
4000          
4000          
4000          
3900          
3900          
3900          
3900          
3900          
3900          
3900          
3900          
3900          
3900          
3900          
3800          
3800          
3800          
3800          
3800          
3800          
3800          
3800          
3800          
3800          
3800          
3800          
3700          
3700          
3700          
3700          
3700          
3700          
3700          
3700          
3700          
3700          
3600          
3600          
3600          
3600          
3600          
3600          
3600          
3600          
3600          
3600          
3600          
3600          
3600          
3500          
3500          
3500          
3500          
3500          
3500          
3400          
3400          
3400          
3400          
3400          
3400          
3400          
3400          
3400          
3400          
3400          
3400          
3300          
3300          
3300          
3300          
3300          
3300          
3200          
3200          
3200          
3200          
3200          
3200          
3200          
3200          
3200          
3200          
3200          
3200          
3100          
3100          
3100          
3100          
3100          
3100          
3100          
3100          
3100          
3100          
3000          
3000          
3000          
3000          
3000          
3000          
3000          
3000          
3000          
3000          
3000          
3000          
3000          
2900          
2900          
2900          
2900          
2900          
2900          
2900          
2800          
2800          
2800          
2800          
2800          
2800          
2800          
2800          
2800          
2800          
2700          
2700          
2700          
2700          
2700          
2700          
2600          
2600          
2600          
2600          
2600          
2600          
2600          
2600          
2600          
2600          
2600          
2600          
2600          
2600          
2600          
2600          
2600          
2500          
2500          
2500          
2500          
2500          
2500          
2500          
2500          
2500          
2500          
2400          
2400          
2400          
2400          
2400          
2400          
2400          
2400          
2400          
2300          
2300          
2300          
2300          
2300          
2300          
2300          
2300          
2300          
2300          
2300          
2300          
2300          
2300          
2300          
2300          
2300          
2300          
2300          
2300          
2200          
2200          
2200          
2200          
2200          
2200          
2200          
2200          
2200          
2200          
2200          
2200          
2200          
2100          
2100          
2100          
2100          
2100          
2100          
2100          
2100          
2100          
2100          
2000          
2000          
2000          
2000          
2000          
2000          
2000          
2000          
1900          
1900          
1900          
1900          
1900          
1900          
1900          
1900          
1900          
1800          
1800          
1800          
1800          
1800          
1800          
1800          
1800          
1800          
1800          
1800          
1800          
1700          
1700          
1700          
1700          
1700          
1700          
1700          
1700          
1700          
1700          
1700          
1700          
1700          
1600          
1600          
1600          
1600          
1600          
1600          
1600          
1600          
1600          
1600          
1600          
1600          
1600          
1600          
1600          
1600          
1500          
1500          
1500          
1500          
1500          
1500          
1500          
1400          
1400          
1400          
1400          
1400          
1400          
1400          
1400          
1400          
1400          
1400          
1300          
1300          
1300          
1300          
1300          
1300          
1300          
1300          
1300          
1300          
1300          
1200          
1200          
1200          
1200          
1200          
1200          
1200          
1200          
1200          
1200          
1200          
1200          
1200          
1200          
1200          
1200          
1100          
1100          
1100          
1100          
1100          
1100          
1100          
1100          
1100          
1100          
1100          
1100          
1100          
1100          
1000          
1000          
1000          
1000          
1000          
1000          
1000          
1000          
1000          
1000          
1000          
1000          
1000          
1000          
1000          
1000          
1000          
900          
900          
900          
900          
900          
900          
900          
900          
900          
900          
900          
800          
800          
800          
800          
800          
800          
700          
700          
700          
700          
700          
700          
700          
700          
700          
700          
700          
700          
600          
600          
600          
600          
600          
600          
600          
600          
500          
500          
500          
500          
500          
500          
500          
500          
500          
500          
500          
500          
